2 0.566403 0.318725 0.085401 0.167762 0.858057
2 0.557540 0.551463 0.081700 0.159242 0.852874
2 0.164500 0.335162 0.184478 0.196048 0.847904
2 0.549381 0.754075 0.078636 0.166463 0.827433
2 0.460890 0.552095 0.081091 0.160665 0.826370
2 0.461973 0.763498 0.082596 0.167260 0.823584
2 0.325842 0.804803 0.105354 0.246594 0.816973
2 0.458191 0.321091 0.084502 0.161752 0.807567
2 0.641492 0.480406 0.080901 0.188757 0.748247
2 0.631416 0.756117 0.081733 0.195072 0.733369
2 0.719117 0.740531 0.088072 0.197598 0.725967
2 0.732712 0.468123 0.085265 0.189773 0.711871
2 0.653297 0.138325 0.091170 0.194124 0.693513
2 0.197685 0.813346 0.111042 0.307615 0.674580
2 0.209445 0.579378 0.113805 0.198043 0.657664
2 0.830208 0.769914 0.090898 0.235131 0.592967
