2 0.498217 0.744949 0.314969 0.271611 0.830937
2 0.680920 0.537313 0.107345 0.069610 0.820302
2 0.354588 0.282364 0.052482 0.040656 0.771915
2 0.248901 0.506054 0.087535 0.053858 0.725894
2 0.840410 0.199013 0.046552 0.031647 0.710052
2 0.434257 0.516285 0.093949 0.069196 0.695050
2 0.487428 0.244000 0.029233 0.033894 0.692629
2 0.510530 0.494903 0.081212 0.070134 0.659651
2 0.233471 0.408713 0.072914 0.049827 0.607606
2 0.611300 0.291984 0.053407 0.042121 0.601051
2 0.358915 0.104502 0.030083 0.021502 0.575948
2 0.341142 0.076190 0.021845 0.021388 0.517202
2 0.658277 0.082869 0.041540 0.023776 0.507752
2 0.119522 0.442924 0.087292 0.051789 0.491812
2 0.416732 0.061886 0.021681 0.020100 0.479257
2 0.053244 0.451131 0.055868 0.035005 0.429511
2 0.267077 0.101103 0.023096 0.021508 0.426970
2 0.777616 0.289209 0.148231 0.079314 0.413755
2 0.425742 0.094872 0.045648 0.026313 0.403616
2 0.598104 0.075394 0.025714 0.019575 0.398177
2 0.741997 0.229420 0.038133 0.037818 0.388160
2 0.291125 0.099376 0.021656 0.022448 0.345363
2 0.183951 0.408164 0.032518 0.031673 0.306058
2 0.356776 0.074773 0.030999 0.021354 0.280883
2 0.265259 0.438338 0.068309 0.037196 0.269734
