2 0.394418 0.245299 0.160394 0.086377 0.832351
2 0.401291 0.553040 0.183456 0.125398 0.727228
4 0.931934 0.548238 0.120046 0.094098 0.676342
6 0.867285 0.627318 0.018663 0.056808 0.665588
4 0.123239 0.175583 0.120463 0.087172 0.654574
6 0.891190 0.640827 0.021473 0.066347 0.637721
6 0.980370 0.964234 0.025684 0.066498 0.635792
6 0.679687 0.881903 0.025370 0.077687 0.618894
4 0.073442 0.096141 0.110533 0.074923 0.590014
6 0.808883 0.609092 0.021046 0.062604 0.582859
6 0.787375 0.589349 0.019224 0.059335 0.576003
6 0.293552 0.814286 0.032029 0.076308 0.567716
6 0.929573 0.724550 0.025019 0.068923 0.560506
2 0.814769 0.450762 0.120494 0.086820 0.557733
6 0.635636 0.554005 0.021382 0.058241 0.510174
6 0.750739 0.908406 0.024395 0.072186 0.500442
6 0.421518 0.819723 0.022766 0.073128 0.475121
4 0.828719 0.532941 0.106399 0.087193 0.454171
2 0.828432 0.532555 0.105664 0.085669 0.448586
6 0.723281 0.583680 0.020608 0.061063 0.434002
2 0.073454 0.097638 0.110543 0.075818 0.381342
6 0.224288 0.793517 0.025060 0.072324 0.322113
6 0.382832 0.465371 0.022958 0.053785 0.319776
6 0.554474 0.499352 0.018172 0.065131 0.317742
6 0.681941 0.558633 0.019961 0.054373 0.280584
6 0.538121 0.502303 0.018146 0.058082 0.271484
