2 0.289029 0.115945 0.097952 0.109941 0.869952
2 0.745426 0.600190 0.239084 0.267182 0.817742
2 0.434536 0.269373 0.134948 0.155234 0.805974
6 0.293421 0.897207 0.045677 0.141439 0.657906
6 0.243961 0.933675 0.054775 0.128191 0.571414
6 0.323241 0.839923 0.050786 0.179931 0.523881
6 0.383146 0.737454 0.038989 0.116816 0.373014
6 0.485404 0.390070 0.042765 0.126727 0.344270
6 0.361549 0.825524 0.039293 0.116416 0.337528
6 0.348424 0.717111 0.026600 0.081182 0.331712
6 0.631879 0.498461 0.027837 0.085520 0.283972
6 0.664902 0.474349 0.025835 0.062855 0.259045
