10 0.242256 0.253998 0.386619 0.182173 0.899857
10 0.855875 0.589164 0.194616 0.083823 0.887095
10 0.687482 0.488705 0.176690 0.074344 0.842456
10 0.871025 0.185219 0.138626 0.062636 0.837352
10 0.535838 0.402232 0.165667 0.063219 0.816112
10 0.648972 0.265596 0.121028 0.052669 0.808996
10 0.644076 0.401665 0.122535 0.061109 0.803188
10 0.551479 0.239858 0.128600 0.047838 0.796463
10 0.455295 0.175417 0.100850 0.045833 0.789025
10 0.593908 0.198516 0.104659 0.050737 0.770910
10 0.790145 0.482040 0.125974 0.064509 0.754734
10 0.535431 0.186607 0.094023 0.046040 0.751230
