10 0.849592 0.701457 0.068266 0.091720 0.916410
10 0.246395 0.599319 0.070179 0.098863 0.914246
10 0.512333 0.558786 0.072301 0.099170 0.911991
10 0.132386 0.765124 0.071055 0.092564 0.911641
10 0.647365 0.682552 0.067091 0.092669 0.907919
10 0.351399 0.446289 0.073993 0.093960 0.904898
10 0.370264 0.724415 0.067669 0.093092 0.903704
10 0.658658 0.429968 0.070495 0.091598 0.901053
10 0.513663 0.244345 0.134251 0.110866 0.896146
10 0.769644 0.580784 0.068771 0.101267 0.895750
10 0.516506 0.826820 0.121238 0.105121 0.888277
