6 0.2066363242306025 0.8312195121951219 0.060548331166016475 0.20898536585365854
6 0.2856805374945817 0.8274991869918699 0.04524490680537494 0.21392520325203254
6 0.44622019939315133 0.8006764227642276 0.05213914174252276 0.22829593495934958
6 0.5411335067186822 0.9153170731707316 0.07231686172518423 0.16936585365853657
6 0.22759644560034678 0.6385886178861789 0.03339401820546164 0.15994146341463414
6 0.31145210229735587 0.6812617886178862 0.036879063719115736 0.15221788617886178
2 0.8926983094928478 0.3261040650406504 0.21460554833116602 0.23847479674796745
2 0.632878196792371 0.4376520325203252 0.49030559167750326 0.3615869918699187
2 0.6320177719982661 0.26547317073170734 0.1684763762462072 0.19342764227642276
2 0.49880580840918937 0.27031869918699186 0.1646640658864326 0.21014959349593498
2 0.4013697442566103 0.2602731707317073 0.08698526224534027 0.19722601626016262
2 0.3192631122670134 0.24660487804878048 0.13108149111400086 0.18978861788617887
2 0.20710879930645862 0.2336878048780488 0.1370307758994365 0.19316747967479675
2 0.08149544863459038 0.24139186991869918 0.16167967056783702 0.17116097560975613
6 0.06853489380147378 0.3425788617886179 0.02750758560901604 0.09812682926829269
6 0.12919159081057652 0.3124260162601626 0.019328131772865194 0.09805528455284553