2 0.5194515931372549 0.7161744281045751 0.4374295343137255 0.2989705882352941
2 0.4936182598039216 0.3694566993464052 0.17604166666666668 0.11576184640522875
2 0.4813174019607843 0.2578533496732026 0.10126225490196078 0.06767769607843138
6 0.5997457107843137 0.597312091503268 0.07831188725490197 0.05709150326797385
6 0.6340257352941177 0.43210988562091507 0.03245098039215686 0.06524714052287582
6 0.7228799019607843 0.6281740196078431 0.05332414215686275 0.10902777777777777
6 0.6489001225490196 0.3593872549019608 0.026473651960784314 0.05181168300653594
6 0.7299479166666667 0.3278941993464052 0.02150735294117647 0.014201388888888888
6 0.7381832107843137 0.34085784313725487 0.018363970588235294 0.018447712418300653
6 0.08908394607843137 0.6174387254901961 0.07558210784313725 0.037238562091503266
6 0.45337622549019607 0.5865053104575164 0.06085171568627451 0.05048406862745098