6 0.6126406249999999 0.5523518518518519 0.19615625 0.8952962962962963
1 0.6726875 0.5839629629629629 0.26387499999999997 0.5773148148148148
1 0.029458333333333333 0.619638888888889 0.058916666666666666 0.3830740740740741
1 0.081578125 0.6537314814814814 0.05108854166666667 0.2878611111111111
1 0.127390625 0.6380277777777779 0.03528125 0.31780555555555556
1 0.17963020833333332 0.6909166666666667 0.03544270833333333 0.2017685185185185
1 0.23211458333333335 0.6657314814814815 0.03497395833333334 0.26240740740740737
1 0.280859375 0.5683148148148148 0.03710416666666667 0.4631018518518518
1 0.34140625 0.6670092592592592 0.049875 0.24319444444444444
1 0.4163854166666667 0.6559259259259259 0.0615625 0.27028703703703705
1 0.47180208333333334 0.59375 0.04135416666666667 0.38737962962962963
1 0.7549635416666667 0.6460833333333333 0.04097916666666667 0.2287777777777778
1 0.7980989583333333 0.6170740740740741 0.03860416666666667 0.2774814814814815
1 0.8470416666666666 0.603574074074074 0.03575520833333334 0.3089722222222222
1 0.8927708333333333 0.6073518518518519 0.04920833333333333 0.3411018518518518
1 0.9492083333333333 0.6470277777777778 0.08479166666666667 0.3360185185185185