2 0.138955078125 0.6524450951683748 0.1959765625 0.1996778916544656
2 0.377060546875 0.6303953147877013 0.1894921875 0.2288579795021962
2 0.57775390625 0.6241434846266471 0.17970703125 0.2328550512445095
2 0.78892578125 0.6197950219619326 0.181748046875 0.23487554904831623
6 0.41197265625 0.5041142020497804 0.032548828125 0.09821376281112738
6 0.431396484375 0.5621229868228405 0.02912109375 0.13866764275256221
6 0.566513671875 0.5393850658857979 0.030546875 0.14142020497803806
6 0.62146484375 0.5123572474377746 0.030673828125 0.06349926793557832
6 0.726083984375 0.5398682284040995 0.0387109375 0.12975109809663252
6 0.124453125 0.5310395314787701 0.03865234375 0.04518301610541728
6 0.175634765625 0.5336603221083456 0.037958984375 0.04224011713030747
6 0.785908203125 0.5161493411420205 0.0445703125 0.057437774524158124