2 0.4354166666666667 0.4615125 0.7379083333333334 0.6213875
6 0.240275 0.2638625 0.064125 0.08585000000000001
6 0.6905333333333333 0.5450125 0.046483333333333335 0.252025
6 0.599975 0.4723375 0.061491666666666674 0.0850875
6 0.5762583333333333 0.41305 0.03266666666666667 0.0963875
6 0.6104499999999999 0.39856250000000004 0.029608333333333334 0.0703375
6 0.629625 0.4600125 0.035925 0.12525
6 0.6629916666666666 0.5007125 0.030925 0.2212875
5 0.7293083333333333 0.5432374999999999 0.04529166666666667 0.27335
5 0.7753333333333333 0.5118625 0.05266666666666667 0.2689625
5 0.8268416666666667 0.56945 0.06380833333333333 0.291425
6 0.9451916666666667 0.5308625 0.06556666666666668 0.2995375
1 0.974925 0.48607500000000003 0.031849999999999996 0.130475
5 0.8746166666666666 0.5394375 0.08245833333333334 0.2737875
6 0.04654166666666667 0.6893 0.09308333333333334 0.5442
5 0.013358333333333335 0.429825 0.02671666666666667 0.1253
6 0.5100166666666667 0.45380000000000004 0.03523333333333333 0.0674
6 0.549575 0.4574125 0.027575000000000002 0.083025
6 0.5341416666666667 0.4085875 0.025316666666666664 0.0700625
6 0.7071500000000001 0.4053 0.028025 0.0599
6 0.664975 0.39057499999999995 0.02843333333333333 0.0565125