4 0.5042864583333333 0.2303703703703704 0.03308333333333333 0.09000925925925925
4 0.5275364583333333 0.21655555555555556 0.030578125 0.09268518518518518
4 0.544828125 0.20140740740740742 0.03208333333333333 0.08376851851851852
4 0.46368229166666663 0.7160555555555556 0.04511458333333333 0.036537037037037035
4 0.532609375 0.6942222222222222 0.04561458333333333 0.04990740740740741
4 0.5834895833333333 0.6643611111111111 0.04411458333333333 0.043666666666666666
4 0.33861458333333333 0.6870925925925926 0.04461458333333333 0.04455555555555556
4 0.42859375 0.821212962962963 0.025062499999999998 0.07396296296296295
4 0.31856249999999997 0.8149722222222222 0.043609375 0.04188888888888889
4 0.29926562500000004 0.8688888888888888 0.04411458333333333 0.04277777777777778
4 0.19700520833333332 0.9441851851851852 0.038098958333333335 0.043666666666666666
4 0.3070260416666667 0.025564814814814815 0.042291666666666665 0.031074074074074077