6 0.2869791666666667 0.3768518518518518 0.026041666666666668 0.05
6 0.29348958333333336 0.46111111111111114 0.025520833333333333 0.03148148148148148
6 0.2552083333333333 0.6398148148148148 0.029166666666666667 0.037037037037037035
6 0.26223958333333336 0.6861111111111111 0.015104166666666667 0.02962962962962963
6 0.26536458333333335 0.7222222222222222 0.018229166666666668 0.03148148148148148
6 0.2872395833333333 0.7388888888888889 0.016145833333333335 0.027777777777777776
6 0.5057291666666667 0.3023148148148148 0.023958333333333335 0.025
2 0.60234375 0.6189814814814815 0.1203125 0.17685185185185184
2 0.5153645833333333 0.3592592592592593 0.1171875 0.12777777777777777
2 0.7588541666666667 0.3773148148148148 0.12083333333333333 0.15648148148148147
2 0.753125 0.6388888888888888 0.11458333333333333 0.19814814814814816