2 0.41607500000000003 0.3595333333333333 0.0767875 0.1380888888888889
2 0.57545 0.2968222222222222 0.052675 0.12064444444444444
2 0.453575 0.2508 0.0571375 0.10475555555555556
2 0.5142875 0.030155555555555557 0.0303625 0.044444444444444446
2 0.3836 0.6763777777777777 0.12985 0.23977777777777778
6 0.44789999999999996 0.6033333333333334 0.020075 0.051288888888888884
6 0.43784999999999996 0.47086666666666666 0.0207875 0.0680888888888889
6 0.5071249999999999 0.3158444444444444 0.017525 0.05071111111111111
6 0.5083875 0.18151111111111112 0.011175 0.036977777777777776
6 0.5012624999999999 0.1637111111111111 0.0107875 0.03288888888888889
6 0.48200000000000004 0.1976 0.0100125 0.04177777777777778
6 0.5226500000000001 0.08275555555555555 0.008137499999999999 0.025955555555555555
6 0.57805 0.04168888888888889 0.00885 0.02808888888888889
6 0.5635625000000001 0.014666666666666666 0.0057374999999999995 0.024244444444444443
6 0.5722999999999999 0.014466666666666666 0.0064624999999999995 0.024666666666666667