2 0.5108515625 0.44598611111111114 0.0442734375 0.11727777777777777
2 0.444875 0.8325555555555556 0.0477421875 0.165125
2 0.1063359375 0.8047777777777778 0.05815625 0.15894444444444444
2 0.7760390625 0.7222222222222222 0.0677109375 0.1605
6 0.098734375 0.6866944444444445 0.016828125 0.024638888888888887
6 0.1025703125 0.7071527777777777 0.0160859375 0.03123611111111111
6 0.146609375 0.7478333333333335 0.0116328125 0.03870833333333334
6 0.1597265625 0.7256250000000001 0.013609375000000002 0.03123611111111111
6 0.3888671875 0.8155555555555556 0.014343749999999999 0.033430555555555554
6 0.39933593749999996 0.8364027777777778 0.0135703125 0.03377777777777778
6 0.4135859375 0.8448472222222222 0.011828125 0.0355
6 0.49633593749999994 0.8336944444444444 0.0123125 0.02813888888888889
6 0.5401796875 0.84375 0.0120625 0.026805555555555558
6 0.5666328125 0.827486111111111 0.0111171875 0.03426388888888889
6 0.7621953125 0.5869305555555555 0.009625 0.026152777777777775
6 0.7698203125 0.6109444444444444 0.0131015625 0.030430555555555554
6 0.7597890625 0.6240277777777778 0.009625 0.03186111111111111
6 0.8262499999999999 0.6397083333333333 0.014171875 0.03090277777777778
6 0.8345390625 0.6259166666666667 0.01096875 0.027097222222222224
6 0.83440625 0.7711666666666667 0.013375000000000001 0.03327777777777778
6 0.478328125 0.3567916666666667 0.0087578125 0.021166666666666667
6 0.48214843749999997 0.37876388888888884 0.009210937499999999 0.021958333333333333
6 0.48517968749999996 0.40570833333333334 0.0085390625 0.028749999999999998
6 0.515390625 0.34202777777777776 0.0083125 0.021166666666666667
6 0.5176406250000001 0.3597916666666667 0.0110078125 0.019972222222222225
6 0.5192109375 0.3811527777777778 0.0110078125 0.02036111111111111