2 0.20252727272727272 0.35872857142857145 0.11414545454545455 0.07618571428571429
2 0.4313090909090909 0.3460285714285714 0.11515454545454545 0.07618571428571429
2 0.7232363636363636 0.3388857142857143 0.11717272727272726 0.08095714285714287
2 0.9333363636363637 0.3261857142857143 0.1191909090909091 0.08095714285714287
2 0.8161636363636363 0.5579428571428572 0.15353636363636364 0.09682857142857143
2 0.38737272727272726 0.5468285714285714 0.1484818181818182 0.09682857142857143
2 0.13585454545454545 0.5952428571428572 0.1505090909090909 0.09524285714285714
2 0.21363636363636362 0.6730142857142858 0.1282818181818182 0.09841428571428572
2 0.3969727272727273 0.6777714285714286 0.1292909090909091 0.09205714285714285
2 0.6264727272727273 0.6787571428571428 0.14232727272727272 0.10541428571428572
2 0.8221727272727273 0.6911428571428572 0.1335818181818182 0.10265714285714285