2 0.7184330244313395 0.20718796992481203 0.07395113732097726 0.06015037593984962
2 0.544793597304128 0.15455639097744361 0.06177759056444819 0.04845112781954887
2 0.34306655433866895 0.12030075187969924 0.04961246840775063 0.03675187969924812
2 0.6217944397641112 0.7590827067669174 0.2711794439764111 0.2144360902255639
6 0.6762005054759899 0.7913233082706768 0.029165964616680706 0.07070676691729323
6 0.6239679865206402 0.6778947368421053 0.02394271272114575 0.0473984962406015
6 0.6333277169334457 0.6254436090225565 0.03047177759056445 0.05905263157894737
6 0.3259393428812131 0.3886015037593985 0.017413647851727044 0.03774436090225564
6 0.29358887952822244 0.31809022556390976 0.01244313395113732 0.03219548872180451
6 0.23931760741364785 0.2870075187969925 0.010261162594776748 0.031082706766917295
6 0.2743049705139006 0.4441052631578947 0.01679022746419545 0.04219548872180451
6 0.2584498736310025 0.4327218045112782 0.018660488626790227 0.043849624060150375
6 0.20028643639427127 0.32142857142857145 0.01492839090143218 0.02887218045112782
6 0.13762426284751475 0.19679699248120303 0.012754844144903117 0.022766917293233085
6 0.1948441449031171 0.3081052631578947 0.012754844144903117 0.022210526315789472
2 0.22461668070766638 0.4352481203007519 0.18693344566133108 0.08207518796992481
2 0.15903959561920808 0.31482706766917296 0.1409519797809604 0.05381954887218045
2 0.0979865206402696 0.1893684210526316 0.10627632687447347 0.04103759398496241
2 0.6654507160909857 0.017669172932330827 0.03131423757371525 0.03532330827067669
2 0.7328643639427127 0.01320300751879699 0.04349620893007582 0.026390977443609024