2 0.826709090909091 0.8213076923076923 0.1716 0.12341025641025642
2 0.5716 0.4767692307692308 0.09090909090909091 0.0561025641025641
2 0.3517090909090909 0.3685897435897436 0.06932727272727274 0.04487179487179487
2 0.2806909090909091 0.28846153846153844 0.05 0.035256410256410256
2 0.33352727272727273 0.2467948717948718 0.042054545454545456 0.02564102564102564
6 0.8613999999999999 0.9317179487179488 0.027909090909090908 0.07287179487179488
6 0.7909636363636363 0.686025641025641 0.024472727272727274 0.04356410256410256
6 0.7648727272727273 0.6475384615384615 0.025272727272727273 0.046948717948717945
6 0.6639818181818182 0.5971794871794872 0.018454545454545456 0.034512820512820515
6 0.6348909090909091 0.5553076923076923 0.019654545454545456 0.04130769230769231
6 0.5893636363636363 0.5462564102564103 0.018454545454545456 0.02771794871794872
6 0.28190909090909094 0.5033846153846153 0.01758181818181818 0.02841025641025641
6 0.2879090909090909 0.4435128205128205 0.015 0.02841025641025641
6 0.26796363636363635 0.4181282051282051 0.018000000000000002 0.018743589743589743
6 0.23560000000000003 0.4036153846153846 0.01758181818181818 0.029615384615384616
6 0.2746181818181818 0.36310256410256414 0.015872727272727274 0.030846153846153846
6 0.20772727272727273 0.35189743589743594 0.018436363636363636 0.030230769230769228
6 0.1757818181818182 0.3128974358974359 0.018872727272727274 0.022384615384615385
2 0.2806181818181818 0.21133333333333335 0.03558181818181818 0.027205128205128205
2 0.2163090909090909 0.18564102564102566 0.04072727272727272 0.024179487179487178
2 0.14512727272727272 0.15871794871794873 0.026145454545454548 0.018743589743589743