2 0.08798013245033112 0.12412803532008829 0.07231788079470199 0.061169977924944816
2 0.05937086092715232 0.2112141280353201 0.0647682119205298 0.07556291390728476
2 0.11117549668874173 0.20688741721854303 0.06799668874172185 0.06836644591611479
2 0.14788079470198676 0.26986754966887416 0.06799668874172185 0.08346578366445917
2 0.21346026490066225 0.20545253863134658 0.052350993377483446 0.06836644591611479
2 0.2623013245033113 0.20940397350993378 0.05397350993377484 0.06620309050772627
2 0.2971192052980133 0.28245033112582785 0.056672185430463574 0.0784326710816777
2 0.3605298013245033 0.2112141280353201 0.0475 0.08995584988962473
2 0.41369205298013245 0.21805739514348785 0.050198675496688744 0.09498896247240618
2 0.4617384105960265 0.217682119205298 0.04155629139072848 0.09139072847682118
2 0.5057119205298013 0.21984547461368653 0.03993377483443709 0.09282560706401766
2 0.5526655629139073 0.22309050772626932 0.038857615894039736 0.09066225165562913
4 0.7132450331125828 0.31699779249448123 0.08581125827814569 0.052538631346578366
4 0.8543708609271523 0.2691390728476821 0.0971523178807947 0.05900662251655629
4 0.7637086092715232 0.39823399558498895 0.10577814569536424 0.06706401766004415
4 0.9323675496688741 0.37313465783664457 0.12683774834437087 0.05684326710816777
4 0.11091059602649006 0.4864679911699779 0.06854304635761589 0.13097130242825605
4 0.05882450331125828 0.6739293598233996 0.08528145695364238 0.16911699779249448
4 0.30466887417218547 0.613841059602649 0.06099337748344372 0.133841059602649
4 0.3176324503311258 0.4857395143487859 0.04912251655629139 0.11657836644591613
4 0.3732119205298013 0.4817880794701987 0.04587748344370861 0.11298013245033113
4 0.36485099337748345 0.606644591611479 0.05072847682119205 0.13240618101545254
4 0.41801324503311255 0.6170860927152318 0.04695364238410596 0.12880794701986756
4 0.4250331125827815 0.4817880794701987 0.04155629139072848 0.10865342163355408
4 0.48385761589403975 0.4817880794701987 0.043725165562913906 0.11298013245033113
4 0.4906125827814569 0.6156512141280353 0.0496523178807947 0.13600441501103752
4 0.5467384105960266 0.614569536423841 0.04857615894039735 0.13673289183222959
4 0.6001655629139073 0.6052097130242826 0.0475 0.11801324503311258
4 0.5888410596026491 0.4807064017660044 0.04533112582781457 0.10362030905077262
4 0.6457781456953643 0.4670419426048565 0.037235099337748344 0.07052980132450332
4 0.7002814569536424 0.4673951434878587 0.04048013245033112 0.06693156732891832
4 0.7515562913907284 0.4688300220750552 0.04587748344370861 0.06693156732891832
4 0.7947350993377483 0.46920529801324506 0.043725165562913906 0.0647682119205298
4 0.6646688741721853 0.5818101545253863 0.06422185430463576 0.1662251655629139
4 0.13870860927152318 0.6170860927152318 0.06799668874172185 0.13600441501103752
4 0.19375827814569538 0.616710816777042 0.06369205298013245 0.13816777041942604
4 0.2506953642384106 0.6124061810154525 0.05882450331125828 0.13673289183222959
4 0.16920529801324505 0.4778366445916115 0.056672185430463574 0.10362030905077262
4 0.2199337748344371 0.47602649006622516 0.052350993377483446 0.10865342163355408
4 0.2679635761589404 0.47602649006622516 0.04912251655629139 0.10721854304635761
4 0.05829470198675497 0.4864679911699779 0.07231788079470199 0.12664459161147903
4 0.22857615894039734 0.7422958057395144 0.14195364238410596 0.0784326710816777
2 0.6077317880794701 0.21589403973509932 0.044254966887417216 0.09498896247240618
2 0.647930463576159 0.2169757174392936 0.04048013245033112 0.09139072847682118
2 0.6862582781456954 0.2148123620309051 0.04695364238410596 0.09139072847682118
2 0.7237582781456954 0.21551876379690948 0.0475 0.09282560706401766
2 0.7612748344370861 0.2148123620309051 0.043725165562913906 0.07699779249448124
4 0.7221523178807947 0.585055187637969 0.05937086092715232 0.1655187637969095
4 0.7761092715231788 0.5832671081677705 0.07016556291390728 0.16335540838852097
4 0.8236092715231788 0.5767770419426048 0.06799668874172185 0.15183222958057396
4 0.9759437086092716 0.4774613686534216 0.04811258278145695 0.10944812362030905
4 0.9733774834437086 0.581037527593819 0.05322847682119205 0.17061810154525386
4 0.9309602649006622 0.5777704194260486 0.08995033112582781 0.17026490066225164
4 0.8762417218543046 0.5744150110375276 0.0872682119205298 0.15613686534216337
6 0.6468211920529802 0.38331125827814566 0.02031456953642384 0.04816777041942605
6 0.5053476821192053 0.36825607064017657 0.015811258278145696 0.04013245033112583
6 0.13922185430463577 0.3848123620309051 0.018062913907284768 0.033112582781456956
6 0.4485264900662252 0.3802869757174393 0.016556291390728478 0.036114790286975715