2 0.3802109375 0.6620416666666666 0.0625 0.06172222222222222
2 0.70703125 0.4475277777777778 0.07378124999999999 0.07098611111111111
6 0.058828124999999995 0.7057222222222223 0.007976562500000001 0.027444444444444445
6 0.162890625 0.7028055555555556 0.008234374999999999 0.02684722222222222
6 0.2309453125 0.6830416666666667 0.010078125 0.030083333333333333
6 0.3339921875 0.6665694444444444 0.0111484375 0.02626388888888889
6 0.44203906249999997 0.6422916666666667 0.0087265625 0.02609722222222222
6 0.45444531250000003 0.6343611111111112 0.00971875 0.029277777777777774
6 0.46139062500000005 0.6036805555555556 0.0081328125 0.022930555555555558
6 0.470609375 0.598736111111111 0.0079375 0.026458333333333334
6 0.48042968750000004 0.5885138888888889 0.009328125 0.028569444444444446
6 0.50265625 0.5821527777777777 0.0081328125 0.025041666666666667
6 0.53021875 0.5466666666666667 0.00853125 0.030805555555555555
6 0.56540625 0.5288888888888889 0.008 0.024638888888888887