2 0.633 0.5263157894736842 0.106 0.04962406015037594
2 0.845 0.4180451127819549 0.055 0.031578947368421054
2 0.691 0.39924812030075185 0.049 0.03308270676691729
6 0.8055 0.412781954887218 0.009 0.022556390977443608
6 0.791 0.4105263157894737 0.005 0.02706766917293233
6 0.8825 0.3827067669172932 0.005 0.019548872180451128
6 0.8785 0.3827067669172932 0.005 0.022556390977443608
6 0.984 0.43007518796992483 0.009 0.02406015037593985
6 0.949 0.42857142857142855 0.008 0.021052631578947368
6 0.934 0.42857142857142855 0.011 0.022556390977443608
2 0.946 0.40601503759398494 0.047 0.02706766917293233
2 0.649 0.3481203007518797 0.034 0.021052631578947368
2 0.791 0.3218045112781955 0.029 0.01804511278195489
6 0.692 0.35037593984962406 0.007 0.012030075187969926
2 0.73152 0.40189473684210525 0.02757 0.02718796992481203