4 0.1219846153846154 0.18062355658198612 0.11867692307692308 0.08413394919168592
4 0.07306153846153847 0.10468822170900692 0.11209230769230769 0.06928406466512702
2 0.3928615384615385 0.2449653579676674 0.16153846153846155 0.08413394919168592
2 0.40384615384615385 0.5493302540415704 0.18132307692307692 0.12538106235565818
4 0.8142923076923076 0.45448036951501153 0.11647692307692306 0.0874364896073903
4 0.9340615384615384 0.5476674364896074 0.11978461538461538 0.0989838337182448
4 0.8291230769230769 0.537782909930716 0.10220000000000001 0.08247113163972286
6 0.6782615384615385 0.8821247113163971 0.022738461538461537 0.06928406466512702
6 0.4204 0.8233718244803695 0.022076923076923077 0.07630484988452656
6 0.2939846153846154 0.8188683602771363 0.026092307692307692 0.07330254041570439
6 0.2240769230769231 0.7982678983833718 0.022738461538461537 0.07630484988452656
6 0.7494923076923077 0.9072286374133949 0.023415384615384616 0.0712933025404157
6 0.9321076923076923 0.7254734411085451 0.02073846153846154 0.0712933025404157
6 0.9782615384615385 0.9628868360277136 0.022076923076923077 0.07219399538106236
6 0.8672307692307692 0.6265588914549653 0.018061538461538462 0.06427251732101616
6 0.8926461538461539 0.6406235565819861 0.0194 0.06427251732101616
6 0.8090307692307692 0.61 0.02073846153846154 0.06325635103926097
6 0.7234153846153847 0.5848960739030022 0.0194 0.061247113163972286
6 0.6344461538461538 0.5532794457274827 0.022076923076923077 0.06226327944572749
6 0.5364615384615384 0.5010623556581987 0.017384615384615387 0.058244803695150116
6 0.4602 0.5070900692840646 0.0214 0.058244803695150116
6 0.7852769230769231 0.5899076212471132 0.02006153846153846 0.061247113163972286
6 0.3819384615384615 0.46891454965357965 0.016046153846153845 0.06226327944572749
6 0.4217384615384615 0.4764434180138568 0.015384615384615385 0.05722863741339492