2 0.36346666666666666 0.7262375 0.05840833333333333 0.23856249999999998
2 0.4166 0.733625 0.05489166666666667 0.23856249999999998
2 0.47008333333333335 0.7357375 0.049258333333333335 0.240675
2 0.526025 0.7373125 0.042925 0.2396125
2 0.5805666666666667 0.733625 0.047850000000000004 0.2448875
2 0.6277083333333333 0.7267625 0.050666666666666665 0.24595
2 0.383175 0.5172249999999999 0.10766666666666666 0.0738875
2 0.525325 0.5193375 0.10907499999999999 0.076
2 0.5274333333333333 0.34095 0.10485 0.0633375
2 0.7230666666666666 0.9326000000000001 0.0373 0.1150625
2 0.7037166666666667 0.6534 0.03659166666666666 0.0928875
2 0.744525 0.6555124999999999 0.04081666666666666 0.09711249999999999
2 0.7888583333333333 0.6465375 0.042225 0.09394999999999999
2 0.71145 0.7842874999999999 0.03940833333333333 0.1055625
2 0.7540250000000001 0.7827 0.042925 0.108725
2 0.6935083333333334 0.354675 0.11470833333333334 0.0633375
2 0.84305 0.35731250000000003 0.11681666666666667 0.0643875
2 0.9503750000000001 0.3631125 0.09924999999999999 0.061224999999999995
2 0.8581749999999999 0.5230375 0.11751666666666667 0.0665
2 0.9581166666666667 0.526725 0.08376666666666667 0.0675625
2 0.67345 0.208475 0.033775 0.119275
2 0.7174333333333333 0.202675 0.04151666666666667 0.1203375
2 0.7554333333333333 0.20425000000000001 0.04151666666666667 0.1171625
2 0.7944916666666667 0.20583749999999998 0.04081666666666666 0.11611250000000001
2 0.828975 0.20477499999999998 0.04081666666666666 0.114
2 0.8666250000000001 0.20477499999999998 0.04151666666666667 0.114
2 0.9127166666666666 0.2032 0.04363333333333333 0.1150625
2 0.9616250000000001 0.20477499999999998 0.04151666666666667 0.11611250000000001
2 0.7350249999999999 0.045387500000000004 0.04151666666666667 0.09077500000000001
2 0.7811250000000001 0.0443375 0.03659166666666666 0.0886625
2 0.8208833333333333 0.0406375 0.03870833333333334 0.081275
2 0.8585333333333334 0.0406375 0.03659166666666666 0.081275
2 0.8982916666666667 0.03905 0.03589166666666667 0.0781
2 0.32170000000000004 0.6990125 0.05171666666666667 0.19565000000000002
2 0.28234166666666666 0.698725 0.055141666666666665 0.200775
2 0.24450833333333336 0.6953125 0.05704166666666667 0.195075
2 0.20381666666666667 0.6941625 0.05931666666666667 0.201925
2 0.8019166666666666 0.8047624999999999 0.04001666666666667 0.1065125
2 0.8415416666666666 0.8035875 0.0408 0.1053375
2 0.8772416666666667 0.7991750000000001 0.04550833333333333 0.10946249999999999
2 0.9150999999999999 0.7968125 0.045116666666666666 0.1082875
2 0.9541416666666667 0.7927 0.04158333333333333 0.10946249999999999
2 0.8644916666666668 0.640275 0.044333333333333336 0.1000375
2 0.90235 0.637925 0.04315833333333333 0.0988625
2 0.9449166666666667 0.6343875 0.04355 0.1000375
2 0.9790333333333333 0.6702875 0.04194166666666666 0.160075
2 0.964925 0.9339375 0.048258333333333334 0.1129875
6 0.944725 0.961 0.019616666666666668 0.021187499999999998
6 0.7802583333333333 0.9330625 0.0139 0.0247375
6 0.8504750000000001 0.8943625000000001 0.0172 0.0159
6 0.829975 0.8570749999999999 0.011075 0.016962500000000002
6 0.841875 0.8637874999999999 0.019325000000000002 0.012725
6 0.8171333333333333 0.7315999999999999 0.013666666666666666 0.013425
6 0.416425 0.4772125 0.009516666666666666 0.014650000000000002
6 0.466875 0.49823749999999994 0.009266666666666666 0.0154
6 0.466875 0.45316249999999997 0.0077666666666666665 0.01615
6 0.5150833333333333 0.45917499999999994 0.008516666666666667 0.01615
6 0.511075 0.43176250000000005 0.007008333333333333 0.01615
6 0.5025916666666667 0.4305 0.007666666666666666 0.01455
6 0.4956333333333333 0.428975 0.006258333333333333 0.0129
6 0.4895333333333334 0.428975 0.005633333333333333 0.012437499999999999
6 0.48429999999999995 0.42932499999999996 0.006408333333333334 0.011725000000000001
6 0.47804166666666664 0.4267375 0.007666666666666666 0.013612500000000001
6 0.47021666666666667 0.42815 0.00485 0.0107875
6 0.46373333333333333 0.427325 0.008133333333333333 0.0138375
6 0.4558333333333333 0.4272125 0.008291666666666666 0.012199999999999999
6 0.4478583333333333 0.4252125 0.007666666666666666 0.012437499999999999
6 0.44097499999999995 0.42638750000000003 0.006725 0.011025
6 0.4351083333333333 0.4249875 0.008133333333333333 0.010562499999999999
6 0.46889166666666665 0.4161875 0.007191666666666667 0.0112625
6 0.5617916666666667 0.47472499999999995 0.008775 0.014775
6 0.6163166666666667 0.416575 0.008591666666666668 0.0139625
6 0.6133083333333333 0.29964999999999997 0.006575 0.013300000000000001
6 0.7416416666666666 0.3932875 0.010091666666666665 0.0146625
6 0.7617416666666667 0.3744875 0.009933333333333334 0.0149
6 0.7460583333333333 0.36585 0.010091666666666665 0.0146625
6 0.8799416666666667 0.38488750000000005 0.009091666666666666 0.013274999999999999
6 0.8766 0.323875 0.014358333333333334 0.0175875
2 0.5690916666666667 0.2009 0.03771666666666666 0.14795
6 0.8032833333333333 0.115775 0.009666666666666667 0.019737499999999998
6 0.807175 0.12664999999999998 0.009933333333333334 0.022949999999999998
6 0.928125 0.035437500000000004 0.016108333333333332 0.024162499999999996
6 0.9655750000000001 0.0325875 0.014766666666666666 0.02175
6 0.9805666666666667 0.288975 0.013633333333333332 0.022025000000000003
6 0.8589833333333333 0.4770125 0.014241666666666666 0.013975
6 0.8643000000000001 0.880125 0.014491666666666667 0.01015