2 0.1709642857142857 0.9417899249732048 0.06837857142857143 0.03542336548767416
2 0.45384285714285716 0.8907609860664524 0.06486428571428572 0.04401929260450161
2 0.6212928571428571 0.6884673097534835 0.037771428571428574 0.06590568060021436
2 0.53035 0.5117256162915327 0.03610714285714286 0.04280814576634512
2 0.46685000000000004 0.35476956055734193 0.0313 0.03497320471596999
2 0.40135714285714286 0.2855948553054662 0.030535714285714284 0.03296891747052519
2 0.35569285714285714 0.20427652733118973 0.02847142857142857 0.031468381564844584
2 0.3719357142857143 0.15707395498392285 0.024771428571428573 0.02804930332261522
2 0.3475 0.10816720257234727 0.025657142857142858 0.026891747052518757
2 0.3171785714285714 0.16897106109324758 0.025685714285714287 0.029710610932475883
2 0.3046357142857143 0.12341907824222938 0.02472142857142857 0.02807073954983923
2 0.2861285714285714 0.09254019292604503 0.025764285714285715 0.026484458735262596
2 0.2634214285714286 0.06758842443729904 0.033485714285714285 0.02491961414790997