4 0.56400390625 0.41967741935483877 0.0626953125 0.07124633431085045
4 0.659365234375 0.5147507331378299 0.05841796875 0.07422287390029325
4 0.73916015625 0.5799853372434017 0.0630078125 0.06397360703812317
4 0.781875 0.6433431085043988 0.07279296875 0.06039589442815249
4 0.912919921875 0.6465102639296187 0.0630078125 0.04646627565982405
4 0.899765625 0.8004692082111436 0.035595703125 0.08835777126099706
4 0.9391015625 0.7941202346041056 0.0329296875 0.07064516129032258
4 0.95244140625 0.8874926686217008 0.031611328125 0.08321114369501466
4 0.861318359375 0.8753079178885631 0.03447265625 0.07407624633431086
4 0.78138671875 0.8124926686217009 0.03728515625 0.08563049853372434
4 0.676171875 0.6614076246334311 0.11298828125 0.060938416422287395
4 0.936806640625 0.600791788856305 0.12638671875 0.04771260997067449
4 0.1517578125 0.4388269794721407 0.0359765625 0.07114369501466276
4 0.185615234375 0.3384310850439883 0.02904296875 0.054428152492668615
4 0.12931640625 0.5263196480938416 0.0312109375 0.06513196480938417
4 0.108271484375 0.6013343108504399 0.032724609375 0.07067448680351907
4 0.0609765625 0.7395454545454545 0.03716796875 0.0702932551319648
4 0.04728515625 0.11932551319648094 0.042392578125 0.04574780058651026
4 0.0964453125 0.16011730205278593 0.039521484375 0.04457478005865102
4 0.814814453125 0.757316715542522 0.043759765625 0.1427859237536657