2 0.06904615384615385 0.09235565819861433 0.11166153846153846 0.08281755196304849
2 0.12372307692307692 0.1697228637413395 0.11986153846153845 0.09685912240184757
2 0.3926769230769231 0.24233256351039262 0.16126153846153846 0.08099307159353349
2 0.4025076923076923 0.5495612009237876 0.17906153846153847 0.13032332563510393
2 0.8117692307692307 0.4404387990762125 0.11701538461538462 0.1038799076212471
2 0.8286461538461538 0.5290993071593534 0.10201538461538462 0.08685912240184758
2 0.9318307692307694 0.5533256351039261 0.12053846153846152 0.091824480369515
6 0.22453846153846152 0.7968822170900693 0.019738461538461538 0.07371824480369515
6 0.2928923076923077 0.8162586605080832 0.028861538461538463 0.07600461893764433
6 0.4202153846153846 0.8212009237875288 0.019246153846153847 0.07371824480369515
6 0.6782769230769231 0.8828637413394919 0.026676923076923077 0.07685912240184757
6 0.7496769230769231 0.903972286374134 0.025246153846153845 0.07362586605080831
6 0.9779230769230769 0.9644341801385682 0.030292307692307695 0.07110854503464203
6 0.9285230769230769 0.7226327944572748 0.0238 0.08337182448036952
6 0.8926307692307693 0.6393533487297921 0.02106153846153846 0.06720554272517322
6 0.8689230769230768 0.624526558891455 0.01646153846153846 0.061270207852193996
6 0.809523076923077 0.6116859122401848 0.02073846153846154 0.06226327944572749
6 0.7882923076923076 0.586743648960739 0.01776923076923077 0.05979214780600462
6 0.7229538461538462 0.5820323325635104 0.02007692307692308 0.06621247113163972
6 0.7089692307692308 0.5672055427251732 0.015138461538461538 0.05337182448036951
6 0.6851076923076923 0.5578290993071593 0.010199999999999999 0.05337182448036951
6 0.6742461538461538 0.5546189376443418 0.015476923076923077 0.057806004618937645
6 0.6350769230769231 0.5546189376443418 0.02073846153846154 0.06175519630484988
6 0.38184615384615384 0.46692840646651274 0.019538461538461536 0.04926096997690531
6 0.39844615384615384 0.47413394919168594 0.01586153846153846 0.0381986143187067
6 0.4021384615384615 0.4946189376443418 0.01586153846153846 0.054803695150115475
6 0.42296923076923076 0.47413394919168594 0.019907692307692307 0.052586605080831406
6 0.4325538461538462 0.5001616628175519 0.017707692307692306 0.05147806004618938
6 0.4604 0.507621247113164 0.0166 0.062009237875288684
6 0.5518461538461539 0.5004157043879908 0.018076923076923077 0.060900692840646656
6 0.5387692307692308 0.5006928406466513 0.016969230769230768 0.05702078521939954