2 0.5360416666666666 0.4909981515711645 0.16365625 0.15918669131238447
2 0.6311666666666667 0.7233086876155268 0.19364583333333335 0.16637707948243993
2 0.03992708333333333 0.30807763401109056 0.07986458333333334 0.13863216266173753
6 0.68403125 0.6438632162661737 0.029510416666666664 0.08933456561922366
6 0.29559375 0.09482439926062847 0.027104166666666665 0.06567467652495379
6 0.3187916666666667 0.07678373382624769 0.026583333333333334 0.06475046210720888
6 0.3375625 0.05966728280961183 0.023458333333333335 0.06752310536044362
6 0.35763541666666665 0.03931608133086876 0.0260625 0.05458410351201479
6 0.41602083333333334 0.015730129390018485 0.018770833333333334 0.03146025878003697
6 0.5481770833333334 0.021275415896487983 0.021374999999999998 0.04255083179297597
6 0.20905208333333333 0.14153419593345654 0.0198125 0.08140480591497228
6 0.18819791666666666 0.15033271719038815 0.020854166666666667 0.09343807763401109
6 0.1665625 0.17807763401109059 0.023458333333333335 0.08974121996303142
6 0.05213541666666666 0.20630314232902033 0.0198125 0.07585951940850277