6 0.30712418300653593 0.8655882352941177 0.03434640522875817 0.08144607843137254
6 0.3191666666666667 0.8152205882352942 0.03166666666666666 0.07875
6 0.3487254901960784 0.7831372549019607 0.03433006535947713 0.06806372549019608
6 0.3730718954248366 0.6857598039215687 0.03552287581699346 0.0738235294117647
6 0.3934313725490196 0.6708088235294117 0.025718954248366014 0.07514705882352941
6 0.5758169934640522 0.39605392156862745 0.022124183006535948 0.04698529411764706
2 0.39238562091503265 0.3227205882352941 0.0919607843137255 0.08306372549019608
2 0.6888562091503267 0.46536764705882355 0.1382516339869281 0.11877450980392157
6 0.43799019607843137 0.4871813725490196 0.01977124183006536 0.04656862745098039
6 0.4582516339869281 0.5448774509803922 0.026013071895424837 0.049485294117647065
6 0.4275980392156863 0.5741421568627451 0.023022875816993464 0.041789215686274514
6 0.532516339869281 0.4059803921568627 0.01735294117647059 0.04330882352941177
6 0.4804084967320261 0.5056127450980392 0.019117647058823527 0.05174019607843137
6 0.49352941176470594 0.48473039215686275 0.019738562091503268 0.045784313725490196
6 0.5142483660130719 0.4431372549019608 0.01787581699346405 0.047401960784313725
6 0.521437908496732 0.41931372549019613 0.019035947712418302 0.0421078431372549
6 0.5021895424836601 0.4533578431372549 0.01937908496732026 0.038651960784313724
6 0.4929084967320262 0.4776470588235294 0.02380718954248366 0.04088235294117647
6 0.5587908496732027 0.39772058823529416 0.014248366013071896 0.03867647058823529
2 0.4967483660130719 0.36794117647058827 0.08800653594771242 0.08379901960784313
6 0.5513725490196079 0.32416666666666666 0.01619281045751634 0.03997549019607843
6 0.5055392156862745 0.332328431372549 0.014624183006535946 0.03107843137254902
6 0.5335457516339869 0.34365196078431376 0.01937908496732026 0.02857843137254902
6 0.5376470588235295 0.32436274509803925 0.019640522875816992 0.025784313725490195
6 0.517859477124183 0.3365441176470588 0.015408496732026144 0.03426470588235294