2 0.527484375 0.7755911602209944 0.1083828125 0.06695027624309392
2 0.5961640625 0.8866850828729282 0.1275078125 0.07612154696132596
6 0.4001015625 0.9088066298342542 0.0250546875 0.06327071823204419
6 0.3677109375 0.9093149171270718 0.022546875 0.057193370165745855
6 0.3807734375 0.8300994475138121 0.019328124999999998 0.04758011049723757
6 0.360734375 0.8409834254143647 0.017890625 0.050110497237569065
6 0.3031171875 0.7276022099447514 0.0221875 0.04302762430939226
6 0.2272421875 0.7421988950276244 0.016796875 0.03362430939226519
6 0.677265625 0.8943756906077348 0.016843749999999998 0.03141436464088398
6 0.5242109375 0.5423867403314917 0.0139140625 0.031767955801104975
6 0.7766171875000001 0.5598232044198895 0.013421875 0.025204419889502762
6 0.026218750000000002 0.5205303867403315 0.0104921875 0.02776795580110497