2 0.5073359375000001 0.47947222222222224 0.08393489583333333 0.08464814814814815
2 0.041713541666666666 0.43275925925925923 0.08342447916666668 0.05649537037037037
6 0.12578125 0.4546296296296296 0.008854166666666666 0.03148148148148148
6 0.07890625 0.46944444444444444 0.011979166666666667 0.03888888888888889
6 0.6265625 0.8078703703703703 0.028125 0.12314814814814815
6 0.6692708333333334 0.7203703703703703 0.025 0.1
6 0.6877604166666667 0.6856481481481481 0.018229166666666668 0.08611111111111111
6 0.70078125 0.7037037037037037 0.030729166666666665 0.10185185185185185
6 0.6677083333333333 0.6560185185185186 0.01875 0.0712962962962963
6 0.6408854166666667 0.7328703703703704 0.025520833333333333 0.09722222222222222
6 0.14427083333333332 0.4537037037037037 0.010416666666666666 0.037037037037037035