2 0.44996875000000003 0.6613130128956624 0.082734375 0.13648300117233295
2 0.7644453125 0.7624736225087925 0.1134765625 0.1602696365767878
6 0.6207109375 0.7804220398593201 0.021492187500000003 0.08991793669402111
6 0.8735859375 0.734736225087925 0.025078125 0.0952989449003517
6 0.871796875 0.7247127784290738 0.0260546875 0.08796014067995311
6 0.8097578125 0.6826963657678781 0.022468750000000003 0.047889800703399765
6 0.7653046875 0.6880656506447831 0.02475 0.039097303634232125
6 0.33096875 0.7091324736225088 0.026320312499999998 0.08928487690504103
6 0.3624375 0.7194372801875732 0.018882812500000002 0.08327080890973036
6 0.3211015625 0.6999062133645956 0.016875 0.08284876905041032
6 0.3489921875 0.6900234466588512 0.02059375 0.08456037514654162
6 0.3861796875 0.6926025791324736 0.030890624999999998 0.08456037514654162
6 0.36729687499999997 0.6981828839390386 0.0246015625 0.07855803048065652
6 0.4039140625 0.6619109026963658 0.021171875 0.08070339976553341
6 0.4568359375 0.5968815943728019 0.030320312500000002 0.03219226260257913
6 0.594953125 0.40261430246189917 0.0150078125 0.06296600234466589
6 0.6870546875 0.4118288393903869 0.023195312500000002 0.06501758499413833
6 0.7390234375 0.3704337631887456 0.013390625 0.057702227432590854
6 0.7175625 0.37944900351699884 0.015109375 0.06028135990621337
6 0.7915546875 0.3472450175849941 0.015453125000000002 0.05563892145369285
6 0.6803125 0.2516764361078546 0.013390625 0.02627198124267292
2 0.6214296874999999 0.23859320046893318 0.0961328125 0.06480656506447831
6 0.8568515624999999 0.3391207502930832 0.0165 0.055123094958968354
6 0.2451953125 0.07446658851113716 0.0139921875 0.02783118405627198
2 0.092140625 0.29751465416178197 0.0676484375 0.09940211019929661