2 0.304375 0.550820633059789 0.177953125 0.1396717467760844
2 0.6235078125 0.4862250879249707 0.1448984375 0.11056271981242673
2 0.8240703125 0.5033880422039859 0.13567968749999998 0.08613130128956624
6 0.45103906250000003 0.5820164126611957 0.019539062500000003 0.03225087924970692
6 0.46390624999999996 0.6252754982415006 0.038101562500000005 0.06109026963657679
6 0.49093749999999997 0.6128135990621336 0.0237734375 0.07134818288393904
6 0.6044296874999999 0.6624150058616647 0.0384296875 0.03860492379835873
6 0.5651875000000001 0.6472567409144198 0.0315859375 0.03664712778429074
2 0.49614843750000004 0.6252754982415006 0.1188671875 0.07671746776084408
6 0.450875 0.47915592028135995 0.0309375 0.04153575615474795
6 0.39128124999999997 0.4698710433763189 0.028984375 0.03371629542790153
6 0.3574140625 0.4698710433763189 0.020515625000000003 0.024923798358733883
6 0.03540625 0.427010550996483 0.022609375 0.024548651817116064
6 0.064703125 0.4307971864009379 0.015171875000000001 0.020539273153575614
6 0.0899921875 0.39999999999999997 0.011601562499999999 0.03661195779601407
6 0.104125 0.4008909730363423 0.0124921875 0.03928487690504103
6 0.1499375 0.4037983587338804 0.0113046875 0.02634232121922626
6 0.18653124999999998 0.40713950762016415 0.007734375 0.013388042203985932
6 0.7721015625 0.6020633059788979 0.0200703125 0.018347010550996485
6 0.8032343750000001 0.6126143024618991 0.02975 0.029765533411488864
6 0.8974609375 0.6364947245017585 0.041515625 0.02907385697538101
6 0.9910546874999999 0.6428956623681126 0.017890625 0.07025791324736225
6 0.938859375 0.524525205158265 0.011765625 0.05087924970691676
2 0.9206406250000001 0.5027198124267291 0.0680390625 0.05087924970691676
6 0.8266484374999999 0.46793669402110194 0.013835937500000001 0.03184056271981243
6 0.8604375 0.48871043376318873 0.015453125000000002 0.03668229777256741
6 0.8158046875 0.46862837045720984 0.0119921875 0.020762016412661198