2 0.9498000000000001 0.6963222222222223 0.075853125 0.04941111111111111
2 0.760475 0.6536833333333334 0.07752500000000001 0.05124444444444444
2 0.631078125 0.6086111111111111 0.0726 0.05068888888888889
2 0.469990625 0.5365666666666667 0.069890625 0.046900000000000004
2 0.34705624999999996 0.4663277777777778 0.07884375 0.05517222222222223
2 0.24195624999999998 0.4065777777777778 0.071159375 0.045538888888888886
2 0.169753125 0.35557777777777777 0.070890625 0.04713333333333333
2 0.09788437500000001 0.3262833333333333 0.076121875 0.04307222222222222
2 0.5844343750000001 0.31876666666666664 0.06901875 0.044527777777777784
2 0.69768125 0.32822777777777773 0.04730625 0.04019444444444444
2 0.6042562499999999 0.28360555555555556 0.054959375000000005 0.05123888888888889
2 0.48129375 0.2346611111111111 0.0210625 0.02956111111111111
2 0.70320625 0.2941 0.030825 0.04414444444444444
2 0.39453125 0.3888888888888889 0.05 0.05277777777777778
6 0.384375 0.8243055555555555 0.053125 0.24583333333333332
2 0.746484375 0.3076388888888889 0.03828125 0.0375
2 0.461328125 0.2263888888888889 0.02421875 0.041666666666666664
2 0.02734375 0.30486111111111114 0.0546875 0.0625