2 0.5274025974025974 0.8209146341463415 0.03205357142857143 0.04756707317073171
2 0.49194805194805197 0.8204817073170732 0.035133928571428566 0.04752439024390244
2 0.41210227272727273 0.6126951219512196 0.06060064935064935 0.03261585365853659
2 0.3435308441558442 0.5517378048780488 0.05895698051948052 0.030237804878048783
2 0.24625 0.4239573170731707 0.052195616883116885 0.030792682926829268
2 0.20879464285714286 0.37434756097560973 0.05144886363636363 0.026426829268292686
2 0.15224025974025973 0.3121280487804878 0.04911931818181818 0.020865853658536583
2 0.1164366883116883 0.28364634146341466 0.04549918831168831 0.024969512195121953
2 0.453786525974026 0.8270243902439024 0.03189123376623377 0.03603048780487805
2 0.22756493506493508 0.14312195121951218 0.026891233766233768 0.02079878048780488
2 0.20635146103896104 0.14312195121951218 0.010556006493506494 0.015414634146341465
6 0.170762987012987 0.19179268292682927 0.01332792207792208 0.008554878048780487
6 0.16638798701298702 0.21192073170731707 0.007357954545454545 0.010847560975609755
6 0.14237012987012987 0.2358048780487805 0.011521915584415584 0.011890243902439025
6 0.1353612012987013 0.26010365853658535 0.011659902597402598 0.008762195121951219
6 0.24604707792207792 0.12694512195121951 0.00544237012987013 0.014957317073170733
6 0.29489448051948053 0.12425609756097561 0.00544237012987013 0.01076829268292683
6 0.3335917207792208 0.11478048780487805 0.006371753246753246 0.010573170731707318
6 0.5093141233766234 0.0878719512195122 0.005645292207792208 0.011176829268292682
6 0.49571834415584415 0.08873780487804878 0.006156655844155844 0.011371951219512195
6 0.6520292207792208 0.7364451219512195 0.006907467532467532 0.017670731707317075
6 0.6576298701298702 0.7406524390243903 0.006160714285714286 0.012621951219512194
6 0.7068222402597402 0.7409329268292684 0.00896103896103896 0.014304878048780488
6 0.7171834415584416 0.7354634146341464 0.0065340909090909095 0.01121951219512195
6 0.765726461038961 0.7486463414634146 0.008027597402597402 0.015707317073170732
6 0.7767410714285715 0.7365853658536585 0.0065340909090909095 0.013463414634146341
6 0.7883157467532468 0.7399512195121951 0.009894480519480518 0.01121951219512195