2 0.12306071871127633 0.39034710743801654 0.08657992565055762 0.11044628099173552
2 0.2366542750929368 0.38988429752066117 0.09802973977695167 0.10735537190082645
2 0.341090458488228 0.3927768595041322 0.09118959107806691 0.09945454545454546
2 0.48567534076827756 0.3887438016528926 0.12116480793060719 0.1136694214876033
2 0.5992193308550186 0.39945454545454545 0.08584882280049566 0.10110743801652892
2 0.7106071871127634 0.4032892561983471 0.09291201982651798 0.10411570247933885
2 0.825365551425031 0.4060165289256198 0.08738537794299876 0.09669421487603305
2 0.847905824039653 0.5626776859504132 0.10671623296158612 0.15446280991735536
2 0.37794299876084264 0.7092396694214875 0.10926889714993805 0.14725619834710743
2 0.49622057001239156 0.7340330578512396 0.08223048327137547 0.10669421487603305
2 0.6325278810408922 0.7250247933884297 0.1295539033457249 0.1487603305785124
6 0.873903345724907 0.3850909090909091 0.02164807930607187 0.06899173553719008
6 0.8958612143742256 0.3810743801652893 0.02586121437422553 0.07219834710743801
2 0.9351548946716233 0.36302479338842975 0.12970260223048327 0.1789090909090909