2 0.15335418295543393 0.48617473435655256 0.052744331508991396 0.045454545454545456
2 0.26691164972634873 0.4707438016528926 0.03702111024237686 0.02859504132231405
2 0.39386239249413607 0.4787249114521842 0.04642689601250977 0.040342384887839436
2 0.44426114151681 0.48268004722550173 0.050383111806098516 0.03706021251475797
2 0.5005551211884285 0.48750885478158207 0.05183737294761532 0.039716646989374264
2 0.6001407349491791 0.4970956316410862 0.05663799843627834 0.04349468713105077
2 0.26860046911649726 0.43593860684769775 0.036325254104769354 0.056363636363636366
2 0.37613760750586395 0.20524203069657615 0.03809225957779515 0.024014167650531288
2 0.31178264268960126 0.2032939787485242 0.02847537138389367 0.022892561983471074
2 0.052869429241594997 0.2079693034238489 0.030414386239249414 0.024427390791027157
2 0.11515246286161064 0.20012987012987013 0.03283033620015637 0.02770956316410862
2 0.22885848318999216 0.19995277449822907 0.027036747458952307 0.030259740259740257
2 0.6704691164972635 0.21656434474616293 0.03294761532447225 0.018217237308146398