2 0.36664021164021166 0.6333571996817821 0.06028042328042328 0.04251392203659506
2 0.07403703703703704 0.6268416865552904 0.061724867724867724 0.04482100238663485
2 0.12911111111111112 0.6306205250596659 0.0635873015873016 0.042625298329355604
2 0.20032804232804233 0.637104216388226 0.06019576719576719 0.03822593476531424
2 0.25056613756613755 0.6348528241845665 0.07596825396825398 0.05023070803500398
2 0.312984126984127 0.6356085918854416 0.08237037037037037 0.05409705648369133
2 0.3728042328042328 0.42813842482100234 0.04842857142857143 0.03193317422434368
2 0.4435449735449735 0.42954653937947496 0.042195767195767196 0.03138424821002387
2 0.03353968253968254 0.408321400159109 0.02767724867724868 0.030182975338106603
2 0.03233333333333333 0.4420763723150358 0.040756613756613755 0.022776451869530628
2 0.12664550264550264 0.43926014319809065 0.030058201058201058 0.02784407319013524
2 0.5316666666666667 0.4218615751789976 0.040730158730158735 0.025783611774065233
2 0.6778359788359788 0.4028400954653938 0.04121164021164021 0.024892601431980906
2 0.7631746031746032 0.4221081941129674 0.03267195767195767 0.026276849642004774
2 0.8120899470899471 0.3810739856801909 0.0387989417989418 0.024176610978520287
2 0.8445925925925926 0.4066348448687351 0.030523809523809523 0.02115354017501989
2 0.8918783068783069 0.39728719172633253 0.02543915343915344 0.016937151949085124
2 0.9253333333333333 0.3750676213206046 0.02451322751322751 0.027271280827366746
2 0.9757354497354498 0.3590692124105012 0.03947089947089947 0.02548926014319809
2 0.9691957671957672 0.4224502784407319 0.037698412698412696 0.033261734287987274
4 0.6240740740740741 0.2993317422434367 0.022285714285714284 0.02390612569610183
4 0.5566984126984127 0.3288862370723946 0.024058201058201056 0.017350835322195703
4 0.8626402116402117 0.2530708035003978 0.02216931216931217 0.026881463802704852
2 0.15683068783068785 0.4192521877486078 0.029899470899470898 0.03844073190135243
2 0.1287936507936508 0.4130628480509149 0.034105820105820105 0.03052505966587112
2 0.9645608465608465 0.6295704057279237 0.05185185185185185 0.056197295147175814
2 0.8366560846560847 0.6427048528241845 0.0675079365079365 0.05859188544152745
2 0.830952380952381 0.5419729514717582 0.068005291005291 0.051097852028639625
2 0.6615978835978836 0.5695783611774066 0.046476190476190476 0.049618138424821
2 0.5771587301587301 0.5869610182975338 0.0784126984126984 0.044693715194908515