2 0.32109375 0.5345838218053928 0.15625 0.08675263774912075
2 0.640234375 0.7543962485345839 0.18125 0.09378663540445487
2 0.851171875 0.07561547479484174 0.13359375 0.06565064478311841
2 0.96328125 0.12661195779601406 0.0734375 0.08675263774912075
2 0.562109375 0.39273153575615477 0.13984375 0.08792497069167643
6 0.81171875 0.8182883939038686 0.0375 0.07151230949589683
6 0.51875 0.8048065650644783 0.03359375 0.06799531066822978
6 0.4828125 0.6822977725674091 0.028125 0.07737397420867527
6 0.304296875 0.6060961313012896 0.05390625 0.03048065650644783
6 0.043359375 0.5732708089097304 0.0140625 0.035169988276670575
6 0.12109375 0.541031652989449 0.04453125 0.01875732708089097
6 0.194921875 0.5269636576787807 0.0234375 0.05861664712778429
6 0.180078125 0.49413833528722156 0.02734375 0.05744431418522861
6 0.45078125 0.45310668229777257 0.040625 0.022274325908558032
6 0.4078125 0.39155920281359907 0.0453125 0.022274325908558032
6 0.447265625 0.37280187573270807 0.04140625 0.021101992966002344
6 0.569921875 0.7233294255568582 0.0453125 0.03048065650644783
6 0.682421875 0.7731535756154748 0.03125 0.07033997655334115