4 0.17822500000000002 0.78234 0.18905000000000002 0.09190000000000001
2 0.1830875 0.69186 0.1587375 0.08807999999999999
2 0.2126125 0.6439 0.1471625 0.07708
2 0.2273125 0.59516 0.148925 0.09192
2 0.3167625 0.54998 0.14352499999999999 0.0728
2 0.32604999999999995 0.5051 0.1341625 0.06654
2 0.3630875 0.46684 0.12865000000000001 0.07604000000000001
2 0.5542 0.39296 0.1223625 0.07256
2 0.6566 0.34348 0.115975 0.05948
2 0.6821125000000001 0.30742 0.106325 0.062020000000000006
2 0.712925 0.27008 0.1072875 0.062
2 0.757425 0.23104 0.1052875 0.0586
2 0.8688750000000001 0.19056 0.10416249999999999 0.05978