2 0.07406452922077922 0.48532169117647056 0.07300933441558442 0.0628063725490196
2 0.2034659090909091 0.5354656862745099 0.07635349025974025 0.06225490196078431
2 0.48853084415584414 0.6371292892156863 0.09338271103896104 0.07450061274509803
2 0.1391903409090909 0.07216911764705883 0.06850243506493506 0.04150122549019608
2 0.8267512175324675 0.7472426470588235 0.10188108766233767 0.07180759803921569
2 0.23363230519480518 0.1594454656862745 0.045275974025974025 0.06537071078431372
6 0.2581371753246753 0.16027573529411765 0.005933441558441558 0.026547181372549022
6 0.2608948863636364 0.15486519607843138 0.005401785714285715 0.02985294117647059
6 0.27092532467532465 0.15268075980392157 0.00617288961038961 0.028394607843137257
6 0.26721185064935066 0.15348345588235296 0.005497159090909091 0.028832720588235293
2 0.0964549512987013 0.011994485294117646 0.07638392857142857 0.023992034313725492