2 0.36664021164021166 0.6333571996817821 0.06028042328042328 0.04251392203659506
2 0.07403703703703704 0.6268416865552904 0.061724867724867724 0.04482100238663485
2 0.12911111111111112 0.6306205250596659 0.0635873015873016 0.042625298329355604
2 0.20032804232804233 0.637104216388226 0.06019576719576719 0.03822593476531424
2 0.25056613756613755 0.6348528241845665 0.07596825396825398 0.05023070803500398
2 0.312984126984127 0.6356085918854416 0.08237037037037037 0.05409705648369133
2 0.3728042328042328 0.42813842482100234 0.04842857142857143 0.03193317422434368
2 0.4435449735449735 0.42954653937947496 0.042195767195767196 0.03138424821002387
2 0.03353968253968254 0.408321400159109 0.02767724867724868 0.030182975338106603
2 0.03233333333333333 0.4420763723150358 0.040756613756613755 0.022776451869530628
2 0.12664550264550264 0.43926014319809065 0.030058201058201058 0.02784407319013524
2 0.5316666666666667 0.4218615751789976 0.040730158730158735 0.025783611774065233
2 0.6778359788359788 0.4028400954653938 0.04121164021164021 0.024892601431980906
2 0.7631746031746032 0.4221081941129674 0.03267195767195767 0.026276849642004774
2 0.8120899470899471 0.3810739856801909 0.0387989417989418 0.024176610978520287
2 0.8445925925925926 0.4066348448687351 0.030523809523809523 0.02115354017501989
2 0.8918783068783069 0.39728719172633253 0.02543915343915344 0.016937151949085124
2 0.9253333333333333 0.3750676213206046 0.02451322751322751 0.027271280827366746
2 0.9757354497354498 0.3590692124105012 0.03947089947089947 0.02548926014319809
2 0.9691957671957672 0.4224502784407319 0.037698412698412696 0.033261734287987274
2 0.8343915343915344 0.6459824980111376 0.06455026455026455 0.06364359586316627
2 0.9634920634920635 0.6308671439936356 0.06031746031746032 0.06841686555290374
2 0.8275132275132275 0.5449482895783612 0.06984126984126984 0.05250596658711217
2 0.8634920634920635 0.2537788385043755 0.02328042328042328 0.03977724741447892
2 0.6195767195767196 0.29912490055688146 0.02433862433862434 0.035003977724741446
2 0.5322751322751322 0.2951471758154336 0.027513227513227514 0.030230708035003977
2 0.13544973544973546 0.2744630071599045 0.02328042328042328 0.020684168655529037
2 0.15661375661375662 0.420843277645187 0.031746031746031744 0.04295942720763723
2 0.12868783068783068 0.4137390612569611 0.03283068783068783 0.02796340493237868
2 0.17392063492063492 0.6231105807478122 0.04752380952380952 0.049021479713603815
2 0.2310899470899471 0.611376292760541 0.07691534391534392 0.05108989657915672
2 0.299968253968254 0.6294988066825775 0.04798412698412698 0.0507478122513922
2 0.6605343915343915 0.567788385043755 0.05062433862433863 0.05524264120922832
2 0.5760264550264551 0.5861972951471758 0.08246560846560848 0.05524264120922832