2 0.378515625 0.9618055555555556 0.02578125 0.041666666666666664
2 0.359765625 0.8319444444444445 0.02421875 0.04027777777777778
2 0.3545625 0.7667499999999999 0.020515625000000003 0.03972222222222222
2 0.3554765625 0.6374861111111111 0.0186796875 0.035166666666666666
2 0.3494296875 0.588 0.0168515625 0.03776388888888889
2 0.35565625 0.5254861111111111 0.019046874999999998 0.03125
2 0.3483359375 0.43106944444444445 0.016117187499999998 0.029958333333333333
2 0.3521796875 0.36237500000000006 0.0128203125 0.02279166666666667
2 0.351078125 0.3288333333333333 0.015015625 0.026041666666666668
2 0.3517265625 0.23223611111111112 0.0158984375 0.024861111111111108
2 0.3548828125 0.188125 0.015078125000000001 0.022416666666666668
2 0.35940625000000004 0.14279166666666668 0.011515625 0.021444444444444443
2 0.3570703125 0.10819444444444445 0.0112421875 0.016569444444444446
2 0.35734374999999996 0.06993055555555555 0.0106953125 0.018027777777777778
2 0.35676562500000003 0.04626388888888889 0.011546875 0.017597222222222222