2 0.06372549019607843 0.3014705882352941 0.08169934640522876 0.14950980392156862
2 0.15931372549019607 0.32230392156862747 0.0784313725490196 0.15196078431372548
2 0.6299019607843137 0.6544117647058824 0.10947712418300654 0.17647058823529413
2 0.5449346405228758 0.5674019607843137 0.10130718954248366 0.16176470588235295
2 0.34068627450980393 0.41421568627450983 0.08006535947712418 0.15196078431372548
2 0.24428104575163398 0.3443627450980392 0.08006535947712418 0.1568627450980392
2 0.6893464052287581 0.7843137254901961 0.10825163398692811 0.16237745098039216
2 0.7807352941176471 0.8387009803921569 0.10315359477124184 0.17004901960784313
2 0.9283169934640523 0.8088235294117647 0.08986928104575163 0.1133578431372549
2 0.4273856209150327 0.46416666666666667 0.06841503267973856 0.13786764705882354
6 0.08158496732026144 0.24174019607843136 0.018055555555555557 0.03259803921568628
6 0.1841830065359477 0.22708333333333336 0.017679738562091502 0.0320343137254902
6 0.3204575163398693 0.31686274509803924 0.01326797385620915 0.03259803921568628
6 0.33281045751633986 0.3083088235294118 0.01215686274509804 0.030931372549019606
6 0.3307843137254902 0.32875 0.011781045751633986 0.026519607843137255
6 0.34145424836601307 0.32710784313725494 0.011045751633986928 0.030931372549019606
6 0.36264705882352943 0.33980392156862743 0.01142156862745098 0.030931372549019606
6 0.35583333333333333 0.30583333333333335 0.012516339869281046 0.031495098039215685
6 0.34606209150326794 0.2978186274509804 0.009950980392156862 0.0320343137254902
6 0.2617156862745098 0.28205882352941175 0.017320261437908498 0.024852941176470588
6 0.6693464052287581 0.5966666666666667 0.017565359477124183 0.02875