2 0.04978038067349927 0.7252604166666666 0.09882869692532943 0.12369791666666667
2 0.5267203513909224 0.818359375 0.16764275256222547 0.14713541666666666
2 0.3092972181551977 0.7161458333333334 0.15226939970717424 0.11979166666666667
2 0.17496339677891654 0.638671875 0.10248901903367497 0.10026041666666667
2 0.1903367496339678 0.8346354166666666 0.1390922401171303 0.15104166666666666
2 0.2829428989751098 0.5735677083333334 0.09077598828696926 0.08333333333333333
4 0.17093704245973645 0.4576822916666667 0.05417276720351391 0.052083333333333336
2 0.41178623718887264 0.9459635416666666 0.18521229868228403 0.10807291666666667
2 0.6090775988286969 0.708984375 0.14421669106881405 0.109375
2 0.4224011713030747 0.6295572916666666 0.10761346998535871 0.11067708333333333
4 0.08382137628111273 0.4973958333333333 0.06588579795021962 0.06510416666666667
4 0.24487554904831627 0.4381510416666667 0.04172767203513909 0.041666666666666664
4 0.31076134699853586 0.4140625 0.03733528550512445 0.036458333333333336
4 0.3557833089311859 0.3919270833333333 0.03587115666178624 0.033854166666666664
4 0.3964128843338214 0.3776041666666667 0.03513909224011713 0.029947916666666668
4 0.431185944363104 0.3626302083333333 0.034407027818448024 0.02734375
4 0.4659590043923865 0.3463541666666667 0.03367496339677892 0.028645833333333332
6 0.4935797950219619 0.6845963541666666 0.010702781844802342 0.041067708333333335
6 0.5138506588579794 0.6635677083333333 0.008448023426061492 0.041067708333333335
6 0.40798682284040994 0.7902604166666666 0.011822840409956075 0.050078125
6 0.4299487554904831 0.7662239583333333 0.014077598828696926 0.052083333333333336
6 0.27480234260614933 0.9405078124999999 0.019143484626647143 0.06610677083333334
6 0.2976134699853587 0.9094531250000001 0.012950219619326502 0.06009114583333333
6 0.10502196193265008 0.7997786458333334 0.012950219619326502 0.06109375
6 0.13543191800878476 0.7802473958333334 0.014077598828696926 0.05408854166666666
6 0.31619326500732065 0.8999348958333333 0.016332357247437774 0.06309895833333333
6 0.26326500732064423 0.6755859375000001 0.011822840409956075 0.045078125