2 0.2060546875 0.904099560761347 0.19921875 0.18301610541727673
2 0.8017578125 0.8089311859443631 0.2080078125 0.2005856515373353
6 0.871142578125 0.8559150805270864 0.02083984375 0.0683601756954612
6 0.842490234375 0.8378477306002928 0.02083984375 0.06543191800878477
6 0.833203125 0.7631478770131772 0.01791015625 0.054685212298682284
6 0.870498046875 0.7458125915080527 0.016279296875 0.03954612005856516
6 0.756513671875 0.8017130307467057 0.023447265625 0.06445095168374818
6 0.786142578125 0.905666178623719 0.026708984375 0.053631039531478776
6 0.85427734375 0.7007467057101026 0.01681640625 0.04323572474377745
6 0.26228515625 0.8784919472913616 0.033623046875 0.08960468521229868
6 0.31751953125 0.9072913616398243 0.02455078125 0.0704099560761347
6 0.141953125 0.8704831625183016 0.0330859375 0.05920937042459736