4 0.8515625 0.7481481481481481 0.0921875 0.19907407407407407
4 0.46588541666666666 0.6333333333333333 0.115625 0.15925925925925927
2 0.5479166666666667 0.500462962962963 0.07760416666666667 0.08333333333333333
4 0.5692708333333333 0.674537037037037 0.10208333333333333 0.14629629629629629
2 0.72109375 0.5212962962962963 0.078125 0.10277777777777777
6 0.8857083333333333 0.654324074074074 0.024885416666666667 0.10287962962962963
6 0.55584375 0.6399166666666667 0.015625 0.06996296296296296
6 0.572046875 0.6394074074074073 0.015625 0.07099074074074074
6 0.5856458333333333 0.6409444444444444 0.015046875 0.061731481481481484
6 0.5410885416666668 0.6337407407407408 0.015046875 0.07201851851851852
6 0.478296875 0.5452685185185185 0.0179375 0.0535
6 0.4947916666666667 0.5601851851851852 0.013890625 0.05040740740740741
6 0.46064583333333337 0.6116296296296296 0.017359375 0.048351851851851854