2 0.896 0.8200899550224887 0.143 0.11094452773613193
2 0.341 0.5149925037481259 0.087 0.08695652173913043
2 0.203 0.46476761619190404 0.085 0.07496251874062969
2 0.5285 0.7706146926536732 0.116 0.10794602698650675
2 0.363 0.424287856071964 0.07 0.06896551724137931
2 0.5375 0.8695652173913043 0.127 0.136431784107946
2 0.508 0.48950524737631185 0.08 0.08245877061469266
2 0.8645 0.732383808095952 0.118 0.0944527736131934
2 0.7225 0.7541229385307346 0.118 0.09895052473763119
2 0.1115 0.679160419790105 0.125 0.11244377811094453
2 0.279 0.8800599700149925 0.136 0.1409295352323838
2 0.17881 0.5503898050974513 0.10337 0.0842728635682159
2 0.7045 0.6761619190404797 0.117 0.08845577211394302
2 0.31573 0.7802398800599699 0.12566 0.13151424287856073
2 0.1466 0.6001349325337332 0.10984999999999999 0.10782608695652174
2 0.67943 0.6342278860569714 0.11442000000000001 0.08139430284857571