2 0.90625 0.4666666666666667 0.09947916666666666 0.08425925925925926
2 0.31536458333333334 0.525 0.08072916666666667 0.09814814814814815
2 0.6153645833333333 0.49537037037037035 0.07760416666666667 0.09074074074074075
2 0.28541666666666665 0.8402777777777778 0.07708333333333334 0.1925925925925926
2 0.14088541666666668 0.5398148148148149 0.11197916666666667 0.10555555555555556
2 0.7638020833333333 0.48194444444444445 0.090625 0.08796296296296297
2 0.3651041666666667 0.8282407407407407 0.06302083333333333 0.17314814814814813
6 0.37299479166666666 0.8377685185185185 0.019411458333333336 0.059861111111111115
6 0.35278645833333333 0.803611111111111 0.019411458333333336 0.07465740740740741
6 0.29376041666666663 0.5011111111111112 0.014656250000000001 0.04577777777777778
6 0.15509895833333334 0.4993518518518518 0.013072916666666667 0.022537037037037036
6 0.14143229166666668 0.49406481481481485 0.01346875 0.020425925925925924
6 0.9282239583333334 0.44230555555555556 0.015052083333333332 0.03099074074074074
6 0.9119791666666667 0.4525092592592592 0.014260416666666666 0.03450925925925926
6 0.8991041666666667 0.44828703703703704 0.012281249999999999 0.02887962962962963