2 0.3151041666666667 0.7277777777777777 0.05 0.07777777777777778
2 0.2557291666666667 0.48518518518518516 0.03697916666666667 0.05555555555555555
2 0.3567708333333333 0.6069444444444444 0.05625 0.053703703703703705
2 0.4401041666666667 0.6175925925925926 0.04739583333333333 0.05277777777777778
2 0.14140625 0.5694444444444444 0.071875 0.05092592592592592
2 0.53125 0.6291666666666667 0.041666666666666664 0.06388888888888888
2 0.20885416666666667 0.5837962962962963 0.06666666666666667 0.05277777777777778
2 0.4401041666666667 0.7643518518518518 0.0453125 0.06944444444444445
2 0.5583333333333333 0.7819444444444444 0.041666666666666664 0.08703703703703704
2 0.71875 0.6606481481481481 0.036458333333333336 0.06759259259259259
2 0.83046875 0.6828703703703703 0.051041666666666666 0.07407407407407407
6 0.3258489583333333 0.7037129629629629 0.011510416666666667 0.0295
6 0.14630729166666667 0.5487685185185185 0.00809375 0.02224074074074074
6 0.19375 0.5805925925925925 0.008036458333333333 0.025574074074074075
6 0.21501041666666668 0.5540833333333333 0.009520833333333334 0.016166666666666666
6 0.35569270833333333 0.5984907407407407 0.007994791666666666 0.020064814814814817
6 0.44326562500000005 0.6083148148148149 0.008229166666666668 0.023824074074074074
6 0.843125 0.6575648148148148 0.010098958333333333 0.024564814814814817
6 0.8386093750000001 0.6502407407407408 0.008505208333333332 0.023148148148148147
6 0.8302395833333333 0.6457592592592593 0.010364583333333333 0.018898148148148147