2 0.5846354166666666 0.1638888888888889 0.05572916666666667 0.05
2 0.6911458333333333 0.07453703703703704 0.034895833333333334 0.04259259259259259
6 0.6261197916666668 0.17567592592592593 0.010807291666666666 0.03294444444444444
6 0.6729531249999999 0.18825925925925927 0.011838541666666667 0.025166666666666667
6 0.6889114583333333 0.1859722222222222 0.00875 0.02425
6 0.74128125 0.19672222222222224 0.011067708333333334 0.027453703703703702
6 0.7500312499999999 0.2008425925925926 0.0069479166666666665 0.025620370370370373
6 0.7329166666666667 0.08969444444444445 0.004760416666666667 0.015305555555555557
6 0.7384114583333333 0.08774074074074074 0.006229166666666667 0.017907407407407407
6 0.7482083333333333 0.0940925925925926 0.006776041666666666 0.016277777777777776
6 0.7535208333333333 0.09262962962962963 0.0060416666666666665 0.015305555555555557
6 0.7649635416666667 0.10011111111111111 0.008791666666666666 0.014648148148148148
6 0.764140625 0.09669444444444444 0.004213541666666667 0.01301851851851852
6 0.5456822916666667 0.02299074074074074 0.007239583333333333 0.018657407407407407