2 0.53046875 0.4360759493670886 0.14921875 0.20253164556962025
2 0.878515625 0.439873417721519 0.15 0.20632911392405062
2 0.446484375 0.3329113924050633 0.1140625 0.15063291139240506
2 0.429296875 0.8468354430379746 0.271875 0.3037974683544304
2 0.643359375 0.2689873417721519 0.10703125 0.13164556962025317
2 0.181640625 0.46392405063291137 0.12265625 0.15949367088607594
2 0.407421875 0.2645569620253165 0.125 0.14556962025316456
2 0.662890625 0.6139240506329114 0.1421875 0.2468354430379747
2 0.73359375 0.32721518987341774 0.11875 0.17468354430379746
2 0.1375 0.3468354430379747 0.10546875 0.1379746835443038
2 0.090234375 0.27658227848101263 0.1 0.13670886075949368
6 0.4136484375 0.7140759493670886 0.0445546875 0.08681012658227848
6 0.165515625 0.3604683544303797 0.031015625 0.04843037974683544
6 0.5224921874999999 0.3600126582278481 0.0276328125 0.05482278481012658
6 0.43395312500000005 0.2622405063291139 0.0276328125 0.05116455696202532
6 0.380375 0.20239240506329112 0.023125 0.042949367088607596
6 0.6296406250000001 0.20832911392405065 0.025374999999999998 0.0420253164556962
6 0.7211875 0.2598354430379747 0.029890624999999997 0.04540506329113924
6 0.8638046875000001 0.3617594936708861 0.034875 0.06559493670886075
6 0.1251640625 0.2668607594936709 0.0273125 0.048860759493670886
6 0.0725390625 0.21616455696202533 0.0199140625 0.035949367088607596