2 0.3057324840764331 0.6156509695290858 0.1364877161055505 0.1260387811634349
2 0.5004549590536852 0.5796398891966759 0.19836214740673339 0.1731301939058172
2 0.7638762511373977 0.5297783933518005 0.2356687898089172 0.20637119113573407
2 0.8171064604185623 0.7610803324099723 0.33121019108280253 0.23130193905817176
2 0.15787079162875342 0.6308864265927978 0.14012738853503184 0.13157894736842105
6 0.751410373066424 0.6977146814404432 0.030873521383075524 0.052119113573407205
6 0.7561874431301182 0.6652354570637119 0.0291901728844404 0.04016620498614958
6 0.7194085532302092 0.4956232686980609 0.029754322111010013 0.04101108033240997
6 0.7250227479526842 0.4742520775623269 0.02525932666060055 0.03588642659279778
6 0.7881801637852593 0.48792243767313015 0.022456778889899907 0.029058171745152354
6 0.3066333030027298 0.5909279778393352 0.026260236578707914 0.04853185595567867
6 0.32398544131028206 0.5698753462603878 0.031883530482256596 0.03497229916897507
6 0.12753412192902638 0.5962880886426593 0.019690627843494086 0.04638504155124654