2 0.2265625 0.41482300884955753 0.18515625 0.7466814159292036
2 0.484765625 0.334070796460177 0.17109375 0.6349557522123894
2 0.725 0.2754424778761062 0.16484375 0.4280973451327434
6 0.264546875 0.9574225663716814 0.025789062499999998 0.0690929203539823
6 0.28615625 0.9391703539823009 0.032765625 0.0503429203539823
6 0.37921875 0.9302876106194691 0.03625 0.06415929203539823
6 0.593078125 0.9569247787610619 0.0328671875 0.05551991150442478
6 0.6187343750000001 0.9344690265486726 0.03575 0.0710287610619469
6 0.9296640625 0.9070685840707965 0.0527109375 0.06748893805309734
6 0.735375 0.759391592920354 0.0386875 0.05477876106194691
6 0.6989296875 0.7133517699115044 0.0330859375 0.04842920353982301
6 0.7182734375 0.6704756637168142 0.0370078125 0.04207964601769911
6 0.2039453125 0.48858407079646016 0.02471875 0.034424778761061946
6 0.262453125 0.48245575221238934 0.0304921875 0.03383849557522124
6 0.45111718749999996 0.47836283185840706 0.0305625 0.03411504424778761
6 0.49660937499999996 0.4765818584070796 0.027328124999999998 0.02851769911504425
6 0.6135234374999999 0.5620353982300885 0.0384609375 0.045287610619469024
6 0.655421875 0.5755088495575221 0.0372421875 0.047002212389380536
6 0.748125 0.5520022123893805 0.035625000000000004 0.05388274336283186
6 0.756625 0.5061504424778761 0.0388671875 0.03439159292035398
6 0.8616796875 0.6035951327433628 0.0433203125 0.04815265486725664
6 0.8863749999999999 0.5929867256637168 0.03521875 0.044137168141592915
6 0.8829375 0.5327986725663717 0.0469609375 0.051017699115044245
6 0.9191640624999999 0.564325221238938 0.0376484375 0.05559734513274336
6 0.9560078125 0.6190707964601769 0.0384609375 0.07451327433628319
6 0.8989296875000001 0.6551769911504425 0.044125 0.04471238938053097