2 0.622265625 0.6965277777777777 0.14921875 0.25
2 0.82421875 0.7097222222222223 0.19453125 0.26944444444444443
2 0.4296875 0.6895833333333333 0.1265625 0.22916666666666666
2 0.2390625 0.6805555555555556 0.1875 0.21944444444444444
2 0.278515625 0.4930555555555556 0.1015625 0.1125
6 0.8694218749999999 0.9032777777777778 0.0245546875 0.09820833333333333
6 0.41685156250000005 0.8581388888888889 0.021203125 0.09920833333333334
6 0.43638281250000005 0.8616111111111111 0.021203125 0.09425
6 0.3934140625 0.8551527777777779 0.0234375 0.09325
6 0.368859375 0.8516805555555556 0.0267890625 0.08431944444444445
6 0.6088203125 0.8784722222222222 0.0245546875 0.10019444444444445
6 0.63253125 0.8779722222222222 0.025109375 0.0952361111111111
6 0.654015625 0.8735138888888888 0.021203125 0.08431944444444445
6 0.6766171875 0.8720277777777778 0.021765625 0.08730555555555555
6 0.201453125 0.8368055555555556 0.0245546875 0.0803611111111111