2 0.775390625 0.6467013888888888 0.0673828125 0.06944444444444445
2 0.55419921875 0.6623263888888888 0.0546875 0.08854166666666667
2 0.95361328125 0.65625 0.048828125 0.059027777777777776
2 0.20947265625 0.6519097222222222 0.05859375 0.08333333333333333
6 0.17765625 0.6942013888888889 0.00658203125 0.03239583333333333
6 0.183603515625 0.6960069444444444 0.0068359375 0.02699652777777778
6 0.189931640625 0.69734375 0.00734375 0.03059027777777778
6 0.542412109375 0.6937500000000001 0.0076953125 0.027760416666666666
6 0.5480078125 0.6933333333333334 0.005830078125 0.028593749999999998
6 0.553369140625 0.6929166666666666 0.0067578125 0.031076388888888886
6 0.55837890625 0.6939583333333333 0.007919921875 0.028993055555555553
6 0.7803515625 0.6912673611111111 0.0076953125 0.029409722222222226
6 0.7869921875 0.6927083333333334 0.007919921875 0.03149305555555556
6 0.793515625 0.6933333333333334 0.007919921875 0.03355902777777778
6 0.799697265625 0.6929166666666666 0.008623046875 0.031076388888888886