2 0.07058823529411765 0.4875717017208413 0.08529411764705883 0.08604206500956023
2 0.4823529411764706 0.7007648183556405 0.09264705882352942 0.15105162523900573
2 0.4375 0.5535372848948374 0.09558823529411764 0.10133843212237094
2 0.5426470588235294 0.5506692160611855 0.08235294117647059 0.10133843212237094
2 0.9 0.48852772466539196 0.1 0.08986615678776291
6 0.5413088235294117 0.8418355640535372 0.021088235294117647 0.0734416826003824
6 0.5108382352941176 0.8451242829827916 0.023705882352941177 0.06959847036328871
6 0.5108382352941176 0.797036328871893 0.01798529411764706 0.030822179732313576
6 0.44975 0.8081835564053538 0.021661764705882353 0.05525812619502868
6 0.4767205882352941 0.8451242829827916 0.024926470588235293 0.06747609942638623
6 0.44586764705882354 0.8482982791586998 0.025338235294117648 0.06747609942638623
6 0.40458823529411764 0.8307648183556405 0.026970588235294118 0.05472275334608031