2 0.4515625 0.2638888888888889 0.1625 0.15416666666666667
2 0.637109375 0.25 0.1640625 0.14583333333333334
2 0.3328125 0.6944444444444444 0.44375 0.4027777777777778
6 0.41350781249999996 0.31448611111111113 0.0234375 0.06151388888888889
6 0.357703125 0.3090277777777778 0.0200859375 0.07241666666666667
6 0.63253125 0.2916666666666667 0.02734375 0.08134722222222222
6 0.529296875 0.2673611111111111 0.0184140625 0.06845833333333333
6 0.5463203125 0.27133333333333337 0.0167421875 0.078375
6 0.67578125 0.20088888888888887 0.0189765625 0.07043055555555555
6 0.5438046875 0.22519444444444442 0.0184140625 0.06151388888888889
6 0.3677421875 0.2470277777777778 0.0189765625 0.10318055555555557
6 0.3858828125 0.21230555555555558 0.017296875 0.04563888888888889
6 0.7061953125 0.18651388888888887 0.017296875 0.043652777777777776