2 0.30333333333333334 0.70125 0.23833333333333334 0.3325
2 0.5975 0.33125 0.13666666666666666 0.1
2 0.7266666666666667 0.2575 0.10833333333333334 0.0975
2 0.3458333333333333 0.2225 0.07166666666666667 0.0675
6 0.3952833333333333 0.49912500000000004 0.030166666666666668 0.060825
6 0.43731666666666663 0.4561 0.028183333333333335 0.056375
6 0.47761666666666663 0.425325 0.023733333333333332 0.04375
6 0.49961666666666665 0.40345 0.02225 0.047474999999999996
6 0.5184000000000001 0.387875 0.0183 0.04005
6 0.5396666666666667 0.378225 0.02323333333333333 0.048949999999999994
6 0.49219999999999997 0.305925 0.016316666666666667 0.0408
6 0.4472 0.296275 0.016316666666666667 0.028925
6 0.48156666666666664 0.2896 0.01285 0.027450000000000002
6 0.5065333333333334 0.29555 0.016316666666666667 0.0319
6 0.5201333333333333 0.285525 0.015816666666666666 0.0356
6 0.6172333333333333 0.28975 0.018416666666666668 0.0337
6 0.65885 0.29995 0.014733333333333333 0.03315
6 0.6706333333333333 0.288625 0.014 0.0337
6 0.6676833333333334 0.256325 0.011783333333333333 0.03535
6 0.6945666666666667 0.284775 0.016200000000000003 0.0326