2 0.3823802083333333 0.625 0.07725520833333334 0.058638888888888886
2 0.486109375 0.5270092592592592 0.08159895833333333 0.08487962962962962
2 0.6219635416666667 0.5686759259259259 0.06336979166666666 0.05400925925925926
2 0.48828125 0.7731481481481481 0.08420312499999999 0.07099074074074074
2 0.3815104166666667 0.8919722222222223 0.07552083333333333 0.07407407407407407
2 0.5399322916666667 0.9560185185185185 0.09548437500000001 0.08796296296296297
2 0.5303802083333333 0.13271296296296298 0.048609374999999996 0.04321296296296297
2 0.703015625 0.10697222222222222 0.03465104166666667 0.033574074074074076
2 0.7725677083333333 0.16698148148148148 0.037885416666666664 0.03339814814814815
2 0.8149947916666667 0.1335925925925926 0.04383333333333333 0.03450925925925926
2 0.7371875 0.07653703703703703 0.038510416666666665 0.03506481481481481
2 0.7796145833333333 0.05009259259259259 0.040703125 0.03339814814814815