2 0.5004635416666666 0.7451851851851852 0.055567708333333334 0.12927777777777777
2 0.6188072916666666 0.6201759259259259 0.06860416666666666 0.15733333333333333
2 0.6791770833333334 0.6018796296296296 0.080953125 0.1305
2 0.7344010416666666 0.4805277777777778 0.06380208333333333 0.11951851851851852
2 0.8074635416666667 0.7579907407407407 0.11388020833333333 0.12562037037037035
2 0.3762916666666667 0.5366296296296296 0.04184895833333333 0.08781481481481482
2 0.31694791666666666 0.4103981481481482 0.06997395833333334 0.05975925925925926
2 0.30597395833333335 0.33539814814814817 0.057625 0.051222222222222225
2 0.19963541666666668 0.4061296296296296 0.0288125 0.09025
2 0.18351562500000002 0.5177314814814815 0.03498958333333334 0.11586111111111111
2 0.1601875 0.6787222222222222 0.087125 0.05732407407407407
2 0.267796875 0.9367314814814814 0.06336979166666666 0.1265462962962963