2 0.40572916666666664 0.8162037037037037 0.0421875 0.07037037037037037
2 0.40651041666666665 0.7083333333333334 0.04739583333333333 0.09074074074074075
2 0.5138020833333333 0.7449074074074075 0.04739583333333333 0.09722222222222222
2 0.51640625 0.6787037037037037 0.042708333333333334 0.07222222222222222
2 0.5169270833333334 0.5967592592592592 0.0375 0.0712962962962963
2 0.603125 0.6592592592592592 0.035416666666666666 0.07037037037037037
2 0.40989583333333335 0.6143518518518518 0.03697916666666667 0.05740740740740741
2 0.3359375 0.44212962962962965 0.0390625 0.075
2 0.32864583333333336 0.33055555555555555 0.033854166666666664 0.044444444444444446
2 0.33151041666666664 0.2916666666666667 0.03229166666666667 0.03981481481481482
2 0.4200520833333333 0.2763888888888889 0.05572916666666667 0.04537037037037037
2 0.36484375 0.11342592592592593 0.04114583333333333 0.03148148148148148
2 0.346875 0.0837962962962963 0.0453125 0.03425925925925926
2 0.3033854166666667 0.12222222222222222 0.03125 0.025925925925925925
2 0.321875 0.04490740740740741 0.03333333333333333 0.027777777777777776
2 0.35234375 0.027777777777777776 0.03177083333333333 0.032407407407407406
2 0.42239583333333336 0.14212962962962963 0.024479166666666666 0.03333333333333333
2 0.38619791666666664 0.16805555555555557 0.03333333333333333 0.030555555555555555
2 0.42994791666666665 0.10324074074074074 0.025 0.03796296296296296
2 0.4395833333333333 0.014814814814814815 0.024479166666666666 0.027777777777777776
2 0.6515625 0.09490740740740741 0.03854166666666667 0.030555555555555555
2 0.5674479166666667 0.22546296296296298 0.030208333333333334 0.05
2 0.61640625 0.20324074074074075 0.041666666666666664 0.05925925925925926
2 0.5059895833333333 0.2337962962962963 0.04895833333333333 0.044444444444444446
2 0.5109375 0.2935185185185185 0.034375 0.046296296296296294
2 0.5190104166666667 0.34120370370370373 0.03333333333333333 0.04722222222222222
2 0.5182291666666666 0.3925925925925926 0.034375 0.06388888888888888
2 0.52265625 0.45740740740740743 0.034375 0.06111111111111111
2 0.5244791666666667 0.5351851851851852 0.0359375 0.06481481481481481
2 0.5666666666666667 0.6287037037037037 0.03958333333333333 0.07314814814814814
2 0.5752604166666667 0.5236111111111111 0.042708333333333334 0.05925925925925926
2 0.5708333333333333 0.4708333333333333 0.041666666666666664 0.05555555555555555
2 0.5692708333333333 0.39444444444444443 0.030729166666666665 0.05185185185185185
2 0.5700520833333333 0.3476851851851852 0.03333333333333333 0.04814814814814815
2 0.5885416666666666 0.2972222222222222 0.04114583333333333 0.0787037037037037
2 0.6190104166666667 0.25277777777777777 0.03854166666666667 0.03888888888888889
2 0.30364583333333334 0.09259259259259259 0.028125 0.037037037037037035