2 0.75234375 0.7425925925925926 0.033854166666666664 0.04351851851851852
2 0.6778645833333333 0.5962962962962963 0.034375 0.04351851851851852
2 0.6354166666666666 0.48657407407407405 0.028125 0.03611111111111111
2 0.6184895833333334 0.4356481481481482 0.021875 0.03148148148148148
2 0.5869791666666667 0.39814814814814814 0.0203125 0.026851851851851852
2 0.6098958333333333 0.39675925925925926 0.021354166666666667 0.026851851851851852
2 0.5598958333333334 0.3638888888888889 0.022395833333333334 0.026851851851851852
2 0.5197916666666667 0.23703703703703705 0.018229166666666668 0.021296296296296296
2 0.46927083333333336 0.16574074074074074 0.018229166666666668 0.019444444444444445
2 0.45730208333333333 0.13808333333333334 0.014453125 0.020342592592592593
2 0.4470677083333333 0.1188148148148148 0.01746354166666667 0.02462037037037037
2 0.43397395833333335 0.1019537037037037 0.014151041666666668 0.024083333333333335
2 0.42599479166666665 0.07840740740740741 0.013848958333333333 0.026222222222222223