2 0.771875 0.9259259259259259 0.050520833333333334 0.06388888888888888
2 0.7393229166666667 0.8106481481481481 0.07916666666666666 0.08981481481481482
2 0.6044270833333333 0.6685185185185185 0.046875 0.06666666666666667
2 0.5533854166666666 0.5962962962962963 0.0484375 0.06296296296296296
2 0.5161458333333333 0.5231481481481481 0.0328125 0.05740740740740741
2 0.47578125 0.5203703703703704 0.052083333333333336 0.05092592592592592
2 0.46875 0.4564814814814815 0.052083333333333336 0.05740740740740741
2 0.41901041666666666 0.45601851851851855 0.050520833333333334 0.05648148148148148
2 0.48098958333333336 0.07731481481481481 0.034375 0.04814814814814815
2 0.39375 0.13148148148148148 0.050520833333333334 0.04722222222222222
2 0.2625 0.2601851851851852 0.03958333333333333 0.06296296296296296