2 0.7528645833333333 0.7407407407407407 0.03333333333333333 0.04259259259259259
2 0.67578125 0.5962962962962963 0.03229166666666667 0.03796296296296296
2 0.63828125 0.48564814814814816 0.024479166666666666 0.03333333333333333
2 0.6190104166666667 0.4337962962962963 0.0234375 0.02962962962962963
2 0.6088541666666667 0.39537037037037037 0.020833333333333332 0.032407407407407406
2 0.5856770833333333 0.39675925925925926 0.021354166666666667 0.028703703703703703
2 0.5622395833333333 0.36064814814814816 0.01875 0.030555555555555555
2 0.5192708333333333 0.2337962962962963 0.019270833333333334 0.022222222222222223
2 0.46803645833333335 0.1630462962962963 0.016421875 0.021277777777777777
2 0.45759375 0.13657407407407407 0.016703125 0.02176851851851852
2 0.4463229166666667 0.11801851851851851 0.015307291666666667 0.02226851851851852
2 0.43546875 0.1002037037037037 0.013083333333333334 0.02524074074074074
2 0.42558854166666665 0.07867592592592593 0.013359375 0.02176851851851852
2 0.4186302083333333 0.06556481481481481 0.014473958333333333 0.021277777777777777