7 0.112890625 0.09652777777777778 0.22578125 0.19305555555555556
7 0.469921875 0.11527777777777778 0.30546875 0.23055555555555557
7 0.843359375 0.12916666666666668 0.30234375 0.25833333333333336
6 0.405078125 0.19930555555555557 0.03828125 0.18472222222222223
6 0.4 0.3888888888888889 0.05 0.1986111111111111
6 0.44296875 0.4986111111111111 0.05703125 0.23055555555555557
6 0.430078125 0.3972222222222222 0.040625 0.10972222222222222
6 0.473046875 0.38263888888888886 0.0609375 0.2
6 0.47421875 0.60625 0.0625 0.23055555555555557
6 0.554296875 0.6180555555555556 0.0671875 0.2111111111111111
6 0.47109375 0.26805555555555555 0.0453125 0.10277777777777777
6 0.575 0.2708333333333333 0.07734375 0.20277777777777778
6 0.619921875 0.5034722222222222 0.10703125 0.16111111111111112
6 0.689453125 0.4965277777777778 0.059375 0.20833333333333334