2 0.20849609375 0.72705078125 0.2353515625 0.1318359375
2 0.2724609375 0.583984375 0.158203125 0.09375
2 0.22314453125 0.41650390625 0.1689453125 0.1083984375
2 0.525390625 0.61474609375 0.21875 0.1181640625
2 0.07470703125 0.73193359375 0.1494140625 0.1240234375
2 0.779970703125 0.27337890625 0.10638671875000005 0.05803710937499998
2 0.6340234375 0.320703125 0.13088867187499997 0.07456054687500002
2 0.39419921875 0.380947265625 0.1590625 0.08958007812500002
2 0.081787109375 0.463544921875 0.155322265625 0.09462890624999998
2 0.724638671875 0.52845703125 0.17540039062500012 0.10725585937499998
2 0.916376953125 0.44509765625 0.15654296874999996 0.09678710937500001
2 0.379013671875 0.667822265625 0.14430664062499998 0.089111328125