2 0.5576171875 0.724609375 0.451171875 0.33203125
2 0.1689453125 0.50390625 0.259765625 0.19921875
2 0.3154296875 0.2705078125 0.279296875 0.248046875
2 0.5908203125 0.4462890625 0.298828125 0.181640625
2 0.59375 0.259765625 0.26171875 0.171875
2 0.2607421875 0.896484375 0.357421875 0.203125
2 0.880859375 0.3837890625 0.234375 0.201171875
2 0.1376953125 0.75390625 0.275390625 0.28515625
2 0.9130859375 0.029296875 0.169921875 0.05859375
2 0.6259765625 0.0859375 0.259765625 0.16796875
2 0.44921875 0.103515625 0.2109375 0.20703125
2 0.7978515625 0.0703125 0.142578125 0.13671875
2 0.4306640625 0.978515625 0.369140625 0.0390625