2 0.296875 0.8369140625 0.34765625 0.283203125
2 0.4927734375 0.6544921875 0.5091992187499998 0.2388671874999999
2 0.6531640625 0.06369140625 0.22318359374999996 0.07808593749999998
2 0.52736328125 0.172421875 0.26066406250000007 0.09499999999999999
2 0.77412109375 0.28091796875 0.33699218749999993 0.10365234374999999
2 0.45763671875 0.369375 0.4493164062500001 0.13214843749999994
2 0.139296875 0.19078125 0.22671874999999997 0.09007812500000001
2 0.405703125 0.23830078125 0.11630859375000002 0.07314453125000003
2 0.11673828125 0.285390625 0.202421875 0.091796875
2 0.14515625 0.43939453125 0.26708984375 0.16279296874999993
2 0.1001171875 0.57755859375 0.19541015625 0.1337890625
2 0.10671875 0.71794921875 0.2134375 0.16289062499999996
2 0.89642578125 0.66998046875 0.2071289062499999 0.15003906249999988
2 0.82677734375 0.509765625 0.3464453125 0.15511718749999998