10 0.509755 0.727506 0.022410 0.043188
10 0.388479 0.675064 0.022937 0.045244
10 0.447008 0.701542 0.021882 0.044730
10 0.487477 0.719280 0.022146 0.044216
10 0.465463 0.710026 0.022937 0.045244
10 0.163723 0.565810 0.022146 0.043702
10 0.246243 0.606427 0.022673 0.043702
10 0.143027 0.556041 0.021355 0.041645
10 0.319404 0.637275 0.022410 0.043702
10 0.186396 0.580206 0.022146 0.044730
10 0.425125 0.691260 0.022937 0.044730
10 0.339441 0.647815 0.022410 0.043188
10 0.365805 0.657841 0.022410 0.041645
10 0.276694 0.621080 0.022937 0.043188
10 0.296467 0.629306 0.021882 0.044216
10 0.225547 0.597686 0.022410 0.044730
10 0.205906 0.589460 0.022673 0.043702