10 0.430662 0.380164 0.010915 0.016003
10 0.437981 0.352438 0.011163 0.017119
10 0.446291 0.326200 0.011908 0.018980
10 0.456710 0.294753 0.012404 0.020097
10 0.467750 0.251023 0.013148 0.022702
10 0.439841 0.252140 0.012900 0.022702
10 0.412801 0.253256 0.012900 0.022702
10 0.542669 0.393189 0.010667 0.016003
10 0.519598 0.360811 0.011163 0.017492
10 0.566857 0.369557 0.011412 0.017119
10 0.568717 0.331783 0.011660 0.018236
10 0.521583 0.323595 0.011660 0.018980
10 0.522451 0.281727 0.012404 0.020841
10 0.548251 0.247116 0.012900 0.022330
10 0.571818 0.288240 0.012404 0.020469