10 0.521147 0.096632 0.007380 0.017098
10 0.616804 0.424870 0.006812 0.016580
10 0.609566 0.516580 0.006529 0.016580
10 0.532075 0.972798 0.006529 0.017098
10 0.450043 0.965803 0.017315 0.032124
10 0.429464 0.954663 0.017599 0.031606
10 0.407323 0.850518 0.019302 0.032642
10 0.412433 0.812953 0.018734 0.032124
10 0.459835 0.865285 0.018166 0.041451
10 0.154130 0.724870 0.017599 0.042487
10 0.110417 0.644301 0.018166 0.040933
10 0.117655 0.596114 0.017882 0.041969
10 0.060602 0.619171 0.017882 0.040415
10 0.068550 0.570466 0.017882 0.042487