10 0.287668 0.669350 0.057239 0.030619
10 0.518308 0.410196 0.060606 0.035038
10 0.055871 0.740530 0.059133 0.029672
10 0.513152 0.696338 0.056187 0.027146
10 0.368266 0.364426 0.061869 0.033775
10 0.641414 0.518466 0.058081 0.031881
10 0.205282 0.668718 0.057870 0.031250
10 0.628472 0.443340 0.059975 0.033144
10 0.471380 0.476484 0.060185 0.035669
10 0.247475 0.591383 0.058923 0.029987
10 0.497370 0.616004 0.057029 0.029356
10 0.333754 0.608744 0.058502 0.030619
10 0.559449 0.625631 0.056608 0.030934
10 0.688026 0.462595 0.061658 0.032513
10 0.574916 0.512468 0.058081 0.031881
10 0.437921 0.386995 0.061027 0.032197
10 0.461911 0.756629 0.055556 0.027146