10 0.369922 0.344097 0.052344 0.029861
10 0.543164 0.772569 0.073047 0.060417
10 0.464062 0.431597 0.056250 0.035417
10 0.458008 0.604514 0.064453 0.047917
10 0.533594 0.470833 0.058594 0.037500
10 0.455859 0.656944 0.067187 0.051389
10 0.452539 0.774306 0.073047 0.061111
10 0.541016 0.711111 0.070312 0.055556
10 0.532422 0.431250 0.056250 0.034722
10 0.461523 0.511806 0.059766 0.037500
10 0.534961 0.512153 0.060547 0.040972
10 0.462891 0.470486 0.057813 0.038194
10 0.454492 0.711111 0.069922 0.055556
10 0.459961 0.555903 0.062109 0.045139
10 0.539258 0.654861 0.067578 0.051389
10 0.537891 0.604861 0.064844 0.044444
10 0.536328 0.556944 0.062500 0.044444
10 0.465430 0.395139 0.054297 0.033333
10 0.531055 0.394097 0.054297 0.032639
10 0.498242 0.376736 0.053516 0.032639
10 0.403125 0.359375 0.052344 0.029861
10 0.466602 0.359375 0.052734 0.031250
10 0.529687 0.359722 0.052344 0.030556
10 0.592383 0.357639 0.052734 0.030556
10 0.625195 0.340972 0.052734 0.030556
10 0.559375 0.341667 0.051562 0.030556
10 0.588086 0.325347 0.051172 0.028472
10 0.498047 0.343403 0.051562 0.028472
10 0.436523 0.343403 0.051953 0.029861
10 0.406641 0.326736 0.050781 0.029861
10 0.438281 0.311111 0.050000 0.027778
10 0.467578 0.327083 0.050781 0.029167
10 0.528125 0.325694 0.050781 0.029167
10 0.556836 0.309375 0.050391 0.027083
10 0.527539 0.294444 0.049609 0.027778
10 0.498242 0.310764 0.050391 0.027083
10 0.468359 0.295486 0.048438 0.027083
10 0.498047 0.271181 0.047656 0.024306