10 0.064035 0.303553 0.056245 0.068486
10 0.335754 0.535015 0.056773 0.066941
10 0.141669 0.135685 0.035120 0.101442
10 0.099947 0.115602 0.035648 0.103502
10 0.135067 0.340886 0.055189 0.065911
10 0.062979 0.097580 0.034592 0.108651
10 0.217586 0.182801 0.035384 0.108136
10 0.267758 0.493048 0.054925 0.067456
10 0.296013 0.221164 0.034856 0.105561
10 0.178241 0.160659 0.035912 0.108136
10 0.255347 0.200051 0.034856 0.103502
10 0.379324 0.266735 0.034592 0.105046
10 0.280037 0.417096 0.053604 0.066941
10 0.054001 0.378991 0.054661 0.066941
10 0.106681 0.576982 0.034328 0.106591
10 0.203987 0.377961 0.055717 0.066941
10 0.218775 0.640834 0.034592 0.105561
10 0.326116 0.695675 0.034856 0.107106
10 0.336282 0.243821 0.034064 0.106591
10 0.347901 0.455458 0.054133 0.066426
10 0.021917 0.074408 0.033800 0.107621
10 0.194745 0.457518 0.056773 0.066426
10 0.178902 0.615860 0.034064 0.105046
10 0.143253 0.597580 0.034064 0.104531
10 0.289015 0.675592 0.034064 0.107106
10 0.254687 0.655767 0.034064 0.109681
10 0.127278 0.418641 0.055453 0.066941