10 0.444697 0.200673 0.094318 0.055892
10 0.216193 0.572391 0.155492 0.117845
10 0.562405 0.203704 0.095265 0.056566
10 0.453314 0.135690 0.083902 0.047811
10 0.459848 0.083502 0.075379 0.041751
10 0.571686 0.342929 0.117992 0.075084
10 0.456534 0.108586 0.079735 0.044781
10 0.869508 0.530471 0.151894 0.109428
10 0.439205 0.240404 0.101136 0.061279
10 0.673769 0.529125 0.150568 0.105387
10 0.131534 0.520034 0.143750 0.106734
10 0.565057 0.245118 0.102083 0.061953
10 0.240436 0.479630 0.141477 0.098653
10 0.560417 0.168855 0.089394 0.051515
10 0.489867 0.632492 0.164962 0.131650
10 0.418845 0.402020 0.127841 0.086195
10 0.426231 0.339057 0.117235 0.074747
10 0.295170 0.630135 0.164583 0.128956
10 0.383712 0.694444 0.175000 0.144444
10 0.556061 0.110101 0.079924 0.044444
10 0.449242 0.166330 0.089015 0.051852
10 0.558428 0.136869 0.084280 0.048148
10 0.781345 0.587374 0.162311 0.120202
10 0.595833 0.700168 0.177273 0.145118
10 0.317235 0.522222 0.146970 0.104377
10 0.575473 0.404545 0.128598 0.086532
10 0.567992 0.289394 0.109470 0.067677
10 0.756155 0.487205 0.145644 0.097643
10 0.692898 0.639731 0.168750 0.132660
10 0.495928 0.441077 0.133902 0.092929
10 0.581534 0.484512 0.141477 0.099663
10 0.409848 0.476263 0.140152 0.093266
10 0.554167 0.083670 0.075758 0.042088
10 0.493750 0.527946 0.148106 0.108418
10 0.399432 0.572391 0.156061 0.112458
10 0.587784 0.576094 0.156629 0.112458
10 0.433617 0.285185 0.108523 0.067340
10 0.486458 0.826599 0.196402 0.177778