10 0.665082 0.534804 0.072011 0.036275
10 0.539402 0.556373 0.073370 0.036275
10 0.447011 0.573039 0.073370 0.036275
10 0.364130 0.565196 0.073370 0.036275
10 0.274457 0.553431 0.073370 0.036275
10 0.289402 0.306863 0.062500 0.027451
10 0.368207 0.306373 0.062500 0.028431
10 0.457880 0.307353 0.062500 0.028431
10 0.574728 0.293137 0.062500 0.027451
10 0.657609 0.281373 0.062500 0.027451
10 0.314538 0.174510 0.055707 0.023529
10 0.414402 0.180392 0.057065 0.023529
10 0.483016 0.184804 0.058424 0.024510
10 0.553668 0.175490 0.058424 0.025490
10 0.652853 0.150490 0.055707 0.024510
10 0.347147 0.061765 0.050272 0.019608
10 0.436821 0.060294 0.050272 0.020588
10 0.495245 0.060294 0.050272 0.020588
10 0.574728 0.051471 0.051630 0.020588
10 0.650136 0.042157 0.050272 0.019608
10 0.194973 0.883824 0.088315 0.048039
10 0.314538 0.892157 0.088315 0.049020
10 0.433424 0.901961 0.089674 0.049020
10 0.550951 0.877941 0.088315 0.048039
10 0.694973 0.851961 0.088315 0.047059