10 0.567119 0.621334 0.134741 0.055249
10 0.574912 0.578411 0.131222 0.049299
10 0.592257 0.555036 0.153846 0.042499
10 0.513323 0.465576 0.120664 0.031874
10 0.541730 0.485975 0.143288 0.038674
10 0.523127 0.441989 0.101056 0.043349
10 0.468326 0.406502 0.139266 0.034424
10 0.513575 0.397578 0.131222 0.029324
10 0.508798 0.386953 0.132730 0.026774
10 0.423580 0.387590 0.110106 0.029749
10 0.411765 0.370378 0.122675 0.030174
10 0.391905 0.341266 0.049774 0.016150
10 0.397436 0.336592 0.057818 0.017000
10 0.400704 0.347641 0.063348 0.024649
10 0.397687 0.324479 0.051282 0.017425
10 0.428607 0.334679 0.081951 0.025924
10 0.434389 0.319805 0.053293 0.024224
10 0.493464 0.322142 0.055807 0.026349
10 0.553042 0.322567 0.054299 0.027199
10 0.617647 0.328729 0.072901 0.025074
10 0.610608 0.318530 0.056812 0.018275
10 0.583962 0.336167 0.072901 0.025499
10 0.696330 0.338717 0.091503 0.019550
10 0.677728 0.344666 0.101559 0.027199
10 0.729010 0.348279 0.107592 0.017425
10 0.731775 0.355716 0.111111 0.023799
10 0.702614 0.366341 0.121166 0.027199
10 0.293866 0.380790 0.114128 0.022949
10 0.284565 0.388015 0.125691 0.022099
10 0.309452 0.398428 0.120161 0.030174
10 0.265711 0.404590 0.124183 0.028049
10 0.237557 0.413940 0.148316 0.028049
10 0.241076 0.428389 0.133233 0.028899
10 0.208899 0.447301 0.158371 0.040374