10 0.775396 0.351898 0.044855 0.047977
10 0.617909 0.877764 0.045185 0.041719
10 0.655508 0.431790 0.045844 0.047559
10 0.474934 0.831039 0.044195 0.041719
10 0.840699 0.374426 0.044195 0.047977
10 0.387203 0.076763 0.044195 0.069253
10 0.714710 0.651022 0.044855 0.044639
10 0.546834 0.127868 0.043536 0.067167
10 0.377474 0.532749 0.040567 0.060075
10 0.698219 0.521902 0.044855 0.046725
10 0.332619 0.207551 0.043206 0.067167
10 0.496042 0.055277 0.044855 0.068836
10 0.234499 0.456404 0.040897 0.064247
10 0.592018 0.567793 0.045515 0.045891
10 0.193437 0.579683 0.040567 0.062161
10 0.414908 0.419483 0.042876 0.062995
10 0.508080 0.958907 0.043206 0.040467
10 0.282982 0.334168 0.042876 0.065916
10 0.249505 0.637046 0.039908 0.058406
10 0.381431 0.319149 0.042546 0.065081
10 0.665732 0.773050 0.043206 0.042553
10 0.343668 0.623071 0.039578 0.058824
10 0.711412 0.318523 0.046174 0.049645