10 0.520416 0.244868 0.030822 0.032258
10 0.511723 0.201760 0.031349 0.032845
10 0.497761 0.017889 0.030295 0.032258
10 0.546760 0.211437 0.031349 0.033431
10 0.500395 0.052786 0.030295 0.031672
10 0.507376 0.163636 0.030558 0.032845
10 0.538330 0.070968 0.030822 0.032845
10 0.503688 0.087390 0.030558 0.032845
10 0.545311 0.176540 0.031612 0.031672
10 0.507508 0.121701 0.029768 0.033431
10 0.544784 0.142815 0.031612 0.032258
10 0.542677 0.108211 0.031085 0.033431
10 0.466149 0.052493 0.015016 0.070968