10 0.385447 0.054242 0.015291 0.058098
10 0.402320 0.054499 0.015291 0.057584
10 0.465858 0.119794 0.015291 0.057584
10 0.497232 0.056812 0.014764 0.056041
10 0.418007 0.055270 0.015028 0.057069
10 0.497364 0.119280 0.015555 0.057584
10 0.368574 0.052956 0.015291 0.058612
10 0.481809 0.119794 0.015555 0.057584
10 0.482204 0.056555 0.015291 0.056555
10 0.436066 0.056555 0.015291 0.057584
10 0.529660 0.119794 0.015291 0.055527
10 0.467045 0.056041 0.015028 0.057584
10 0.451490 0.055527 0.015555 0.057584
10 0.513841 0.056812 0.015291 0.056041
10 0.512919 0.119280 0.015028 0.057584
10 0.450171 0.119280 0.015028 0.057584
10 0.435012 0.118766 0.015291 0.057584
10 0.418930 0.119023 0.015291 0.057069
10 0.401925 0.117995 0.015028 0.057069
10 0.385183 0.117738 0.015291 0.056555
10 0.368574 0.117224 0.015291 0.057584