10 0.077705 0.600570 0.097313 0.119751
10 0.583333 0.847330 0.079521 0.123898
10 0.242193 0.355106 0.103849 0.138932
10 0.076071 0.847589 0.045389 0.085018
10 0.918482 0.358476 0.141975 0.202696
10 0.416122 0.851477 0.079884 0.111457
10 0.248911 0.602903 0.092593 0.111975
10 0.074619 0.350959 0.098402 0.189736
10 0.752905 0.849922 0.078794 0.114567
10 0.421024 0.366252 0.130356 0.187144
10 0.576616 0.598756 0.073348 0.109902
10 0.907226 0.599274 0.118736 0.147227
10 0.079158 0.110938 0.137981 0.174184
10 0.750726 0.359253 0.141249 0.201140
10 0.913762 0.113012 0.131808 0.177294
10 0.743464 0.107309 0.126725 0.172110
10 0.585694 0.357180 0.136529 0.200104
10 0.248184 0.113012 0.140523 0.184552
10 0.248184 0.848626 0.041757 0.085018
10 0.746006 0.599015 0.107117 0.137377
10 0.047386 0.928979 0.037400 0.039399
10 0.919208 0.851737 0.071532 0.125454
10 0.581155 0.102385 0.137618 0.180923
10 0.410675 0.600829 0.077705 0.113012
10 0.415396 0.107828 0.141612 0.191809