10 0.217270 0.815866 0.116992 0.101892
10 0.364903 0.621543 0.114206 0.103348
10 0.212396 0.619360 0.121170 0.101892
10 0.584958 0.631004 0.114206 0.103348
10 0.286908 0.311863 0.114206 0.105531
10 0.422006 0.313319 0.111421 0.102620
10 0.796657 0.626638 0.116992 0.101892
10 0.479109 0.813319 0.114206 0.104076
10 0.418524 0.522562 0.115599 0.103348
10 0.589833 0.523654 0.112813 0.102620
10 0.766713 0.526201 0.115599 0.101892
10 0.250000 0.522198 0.118384 0.101164
10 0.349582 0.811499 0.116992 0.101892