10 0.669413 0.644781 0.078220 0.053199
10 0.417235 0.651347 0.077273 0.053535
10 0.753030 0.642761 0.078030 0.052525
10 0.494981 0.652189 0.077462 0.053872
10 0.272822 0.344276 0.057386 0.028620
10 0.759470 0.499663 0.040530 0.078114
10 0.234186 0.601347 0.047538 0.088889
10 0.504545 0.338889 0.057197 0.029293
10 0.279640 0.514646 0.042614 0.075084
10 0.331439 0.342929 0.057197 0.028620
10 0.721307 0.362458 0.035038 0.059596
10 0.447064 0.340404 0.057386 0.028956
10 0.781534 0.584343 0.044129 0.090572
10 0.739205 0.426263 0.037121 0.068013
10 0.351705 0.370202 0.032197 0.057576
10 0.597348 0.363805 0.033333 0.059596
10 0.532197 0.598148 0.041288 0.091919
10 0.435985 0.475253 0.065909 0.038721
10 0.499905 0.475421 0.061932 0.039057
10 0.415909 0.367340 0.033333 0.059259
10 0.683049 0.334848 0.057765 0.027273
10 0.604451 0.428451 0.035795 0.068350
10 0.624527 0.335017 0.057386 0.028283
10 0.621591 0.584680 0.041288 0.090572
10 0.532481 0.514141 0.038068 0.076768
10 0.321970 0.435185 0.036364 0.064983
10 0.408617 0.432828 0.035795 0.068350
10 0.613068 0.501010 0.038636 0.077441