10 0.552490 0.599597 0.067871 0.042109
10 0.461304 0.511534 0.065186 0.039546
10 0.689453 0.732882 0.072266 0.043574
10 0.578369 0.433907 0.063965 0.038814
10 0.506714 0.568107 0.066650 0.040644
10 0.197632 0.614427 0.066162 0.040278
10 0.154419 0.564995 0.064697 0.040278
10 0.120239 0.515196 0.063232 0.040278
10 0.087769 0.464116 0.061768 0.039180
10 0.669189 0.390333 0.063965 0.038814
10 0.243774 0.670633 0.067627 0.041377
10 0.159668 0.413402 0.061523 0.038081
10 0.609741 0.658001 0.070557 0.042475
10 0.372437 0.294031 0.060303 0.036617
10 0.516602 0.480410 0.064941 0.039546
10 0.292725 0.340352 0.061035 0.036983
10 0.764282 0.343281 0.063721 0.039180
10 0.214111 0.381362 0.061523 0.039180